-5.36111	nan
-5.35897	nan
-5.35682	nan
-5.35468	nan
-5.35253	nan
-5.35039	nan
-5.34824	nan
-5.3461	nan
-5.34395	nan
-5.34181	nan
-5.33966	nan
-5.33752	nan
-5.33537	nan
-5.33323	nan
-5.33108	nan
-5.32894	nan
-5.32679	nan
-5.32465	nan
-5.3225	nan
-5.32036	nan
-5.31821	nan
-5.31607	nan
-5.31392	nan
-5.31178	nan
-5.30963	nan
-5.30749	nan
-5.30534	nan
-5.3032	nan
-5.30105	nan
-5.29891	nan
-5.29676	nan
-5.29462	nan
-5.29248	nan
-5.29033	nan
-5.28819	nan
-5.28604	nan
-5.2839	nan
-5.28175	nan
-5.27961	nan
-5.27746	nan
-5.27532	nan
-5.27317	nan
-5.27103	nan
-5.26888	nan
-5.26674	nan
-5.26459	nan
-5.26245	nan
-5.2603	nan
-5.25816	nan
-5.25601	nan
-5.25387	nan
-5.25172	nan
-5.24958	nan
-5.24743	nan
-5.24529	nan
-5.24314	nan
-5.241	nan
-5.23885	nan
-5.23671	nan
-5.23456	nan
-5.23242	nan
-5.23027	nan
-5.22813	nan
-5.22598	nan
-5.22384	nan
-5.22169	nan
-5.21955	nan
-5.2174	nan
-5.21526	nan
-5.21311	nan
-5.21097	nan
-5.20883	nan
-5.20668	nan
-5.20454	nan
-5.20239	nan
-5.20025	nan
-5.1981	nan
-5.19596	nan
-5.19381	nan
-5.19167	nan
-5.18952	nan
-5.18738	nan
-5.18523	nan
-5.18309	nan
-5.18094	nan
-5.1788	nan
-5.17665	nan
-5.17451	nan
-5.17236	nan
-5.17022	nan
-5.16807	nan
-5.16593	nan
-5.16378	nan
-5.16164	nan
-5.15949	nan
-5.15735	nan
-5.1552	nan
-5.15306	nan
-5.15091	nan
-5.14877	nan
-5.14662	nan
-5.14448	nan
-5.14233	nan
-5.14019	nan
-5.13804	nan
-5.1359	nan
-5.13375	nan
-5.13161	nan
-5.12946	nan
-5.12732	nan
-5.12518	nan
-5.12303	nan
-5.12089	nan
-5.11874	nan
-5.1166	nan
-5.11445	nan
-5.11231	nan
-5.11016	nan
-5.10802	nan
-5.10587	nan
-5.10373	nan
-5.10158	nan
-5.09944	nan
-5.09729	nan
-5.09515	nan
-5.093	nan
-5.09086	nan
-5.08871	nan
-5.08657	nan
-5.08442	nan
-5.08228	nan
-5.08013	nan
-5.07799	nan
-5.07584	nan
-5.0737	nan
-5.07155	nan
-5.06941	nan
-5.06726	nan
-5.06512	nan
-5.06297	nan
-5.06083	nan
-5.05868	nan
-5.05654	nan
-5.05439	nan
-5.05225	nan
-5.0501	nan
-5.04796	nan
-5.04581	nan
-5.04367	nan
-5.04152	nan
-5.03938	nan
-5.03724	nan
-5.03509	nan
-5.03295	nan
-5.0308	nan
-5.02866	nan
-5.02651	nan
-5.02437	nan
-5.02222	nan
-5.02008	nan
-5.01793	nan
-5.01579	nan
-5.01364	nan
-5.0115	nan
-5.00935	nan
-5.00721	nan
-5.00506	nan
-5.00292	nan
-5.00077	nan
-4.99863	nan
-4.99648	nan
-4.99434	nan
-4.99219	nan
-4.99005	nan
-4.9879	nan
-4.98576	nan
-4.98361	nan
-4.98147	nan
-4.97932	nan
-4.97718	nan
-4.97503	nan
-4.97289	nan
-4.97074	nan
-4.9686	nan
-4.96645	nan
-4.96431	nan
-4.96216	nan
-4.96002	nan
-4.95787	nan
-4.95573	nan
-4.95359	nan
-4.95144	nan
-4.9493	nan
-4.94715	nan
-4.94501	nan
-4.94286	nan
-4.94072	nan
-4.93857	nan
-4.93643	nan
-4.93428	nan
-4.93214	nan
-4.92999	nan
-4.92785	nan
-4.9257	nan
-4.92356	nan
-4.92141	nan
-4.91927	nan
-4.91712	nan
-4.91498	nan
-4.91283	nan
-4.91069	nan
-4.90854	nan
-4.9064	nan
-4.90425	nan
-4.90211	nan
-4.89996	nan
-4.89782	nan
-4.89567	nan
-4.89353	nan
-4.89138	nan
-4.88924	nan
-4.88709	nan
-4.88495	nan
-4.8828	nan
-4.88066	nan
-4.87851	nan
-4.87637	nan
-4.87422	nan
-4.87208	nan
-4.86994	nan
-4.86779	nan
-4.86565	nan
-4.8635	nan
-4.86136	nan
-4.85921	nan
-4.85707	nan
-4.85492	nan
-4.85278	nan
-4.85063	nan
-4.84849	nan
-4.84634	nan
-4.8442	nan
-4.84205	nan
-4.83991	nan
-4.83776	nan
-4.83562	nan
-4.83347	nan
-4.83133	nan
-4.82918	nan
-4.82704	nan
-4.82489	nan
-4.82275	nan
-4.8206	nan
-4.81846	nan
-4.81631	nan
-4.81417	nan
-4.81202	nan
-4.80988	nan
-4.80773	nan
-4.80559	nan
-4.80344	nan
-4.8013	nan
-4.79915	nan
-4.79701	nan
-4.79486	nan
-4.79272	nan
-4.79057	nan
-4.78843	nan
-4.78629	nan
-4.78414	nan
-4.782	nan
-4.77985	nan
-4.77771	nan
-4.77556	nan
-4.77342	nan
-4.77127	nan
-4.76913	nan
-4.76698	nan
-4.76484	nan
-4.76269	nan
-4.76055	nan
-4.7584	nan
-4.75626	nan
-4.75411	nan
-4.75197	nan
-4.74982	nan
-4.74768	nan
-4.74553	nan
-4.74339	nan
-4.74124	nan
-4.7391	nan
-4.73695	nan
-4.73481	nan
-4.73266	nan
-4.73052	nan
-4.72837	nan
-4.72623	nan
-4.72408	nan
-4.72194	nan
-4.71979	nan
-4.71765	nan
-4.7155	nan
-4.71336	nan
-4.71121	nan
-4.70907	nan
-4.70692	nan
-4.70478	nan
-4.70263	nan
-4.70049	nan
-4.69835	nan
-4.6962	nan
-4.69406	nan
-4.69191	nan
-4.68977	nan
-4.68762	nan
-4.68548	nan
-4.68333	nan
-4.68119	nan
-4.67904	nan
-4.6769	nan
-4.67475	nan
-4.67261	nan
-4.67046	nan
-4.66832	nan
-4.66617	nan
-4.66403	nan
-4.66188	nan
-4.65974	nan
-4.65759	nan
-4.65545	nan
-4.6533	nan
-4.65116	nan
-4.64901	nan
-4.64687	nan
-4.64472	nan
-4.64258	nan
-4.64043	nan
-4.63829	nan
-4.63614	nan
-4.634	nan
-4.63185	nan
-4.62971	nan
-4.62756	nan
-4.62542	nan
-4.62327	nan
-4.62113	nan
-4.61898	nan
-4.61684	nan
-4.6147	nan
-4.61255	nan
-4.61041	nan
-4.60826	nan
-4.60612	nan
-4.60397	nan
-4.60183	nan
-4.59968	nan
-4.59754	nan
-4.59539	nan
-4.59325	nan
-4.5911	nan
-4.58896	nan
-4.58681	nan
-4.58467	nan
-4.58252	nan
-4.58038	nan
-4.57823	nan
-4.57609	nan
-4.57394	nan
-4.5718	nan
-4.56965	nan
-4.56751	nan
-4.56536	nan
-4.56322	nan
-4.56107	nan
-4.55893	nan
-4.55678	nan
-4.55464	nan
-4.55249	nan
-4.55035	nan
-4.5482	nan
-4.54606	nan
-4.54391	nan
-4.54177	nan
-4.53962	nan
-4.53748	nan
-4.53533	nan
-4.53319	nan
-4.53105	nan
-4.5289	nan
-4.52676	nan
-4.52461	nan
-4.52247	nan
-4.52032	nan
-4.51818	nan
-4.51603	nan
-4.51389	nan
-4.51174	nan
-4.5096	nan
-4.50745	nan
-4.50531	nan
-4.50316	nan
-4.50102	nan
-4.49887	nan
-4.49673	nan
-4.49458	nan
-4.49244	nan
-4.49029	nan
-4.48815	nan
-4.486	nan
-4.48386	nan
-4.48171	nan
-4.47957	nan
-4.47742	nan
-4.47528	nan
-4.47313	nan
-4.47099	nan
-4.46884	nan
-4.4667	nan
-4.46455	nan
-4.46241	nan
-4.46026	nan
-4.45812	nan
-4.45597	nan
-4.45383	nan
-4.45168	nan
-4.44954	nan
-4.4474	nan
-4.44525	nan
-4.44311	nan
-4.44096	nan
-4.43882	nan
-4.43667	nan
-4.43453	nan
-4.43238	nan
-4.43024	nan
-4.42809	nan
-4.42595	nan
-4.4238	nan
-4.42166	nan
-4.41951	nan
-4.41737	nan
-4.41522	nan
-4.41308	nan
-4.41093	nan
-4.40879	nan
-4.40664	nan
-4.4045	nan
-4.40235	nan
-4.40021	nan
-4.39806	nan
-4.39592	nan
-4.39377	nan
-4.39163	nan
-4.38948	nan
-4.38734	nan
-4.38519	nan
-4.38305	nan
-4.3809	nan
-4.37876	nan
-4.37661	nan
-4.37447	nan
-4.37232	nan
-4.37018	nan
-4.36803	nan
-4.36589	nan
-4.36374	nan
-4.3616	nan
-4.35946	nan
-4.35731	nan
-4.35517	nan
-4.35302	nan
-4.35088	nan
-4.34873	nan
-4.34659	nan
-4.34444	nan
-4.3423	nan
-4.34015	nan
-4.33801	nan
-4.33586	nan
-4.33372	nan
-4.33157	nan
-4.32943	nan
-4.32728	nan
-4.32514	nan
-4.32299	nan
-4.32085	nan
-4.3187	nan
-4.31656	nan
-4.31441	nan
-4.31227	nan
-4.31012	nan
-4.30798	nan
-4.30583	nan
-4.30369	nan
-4.30154	nan
-4.2994	nan
-4.29725	nan
-4.29511	nan
-4.29296	nan
-4.29082	nan
-4.28867	nan
-4.28653	nan
-4.28438	nan
-4.28224	nan
-4.28009	nan
-4.27795	nan
-4.27581	nan
-4.27366	nan
-4.27152	nan
-4.26937	nan
-4.26723	nan
-4.26508	nan
-4.26294	nan
-4.26079	nan
-4.25865	nan
-4.2565	nan
-4.25436	nan
-4.25221	nan
-4.25007	nan
-4.24792	nan
-4.24578	nan
-4.24363	nan
-4.24149	nan
-4.23934	nan
-4.2372	nan
-4.23505	nan
-4.23291	nan
-4.23076	nan
-4.22862	nan
-4.22647	nan
-4.22433	nan
-4.22218	nan
-4.22004	nan
-4.21789	nan
-4.21575	nan
-4.2136	nan
-4.21146	nan
-4.20931	nan
-4.20717	nan
-4.20502	nan
-4.20288	nan
-4.20073	nan
-4.19859	nan
-4.19644	nan
-4.1943	nan
-4.19216	nan
-4.19001	nan
-4.18787	nan
-4.18572	nan
-4.18358	nan
-4.18143	nan
-4.17929	nan
-4.17714	nan
-4.175	nan
-4.17285	nan
-4.17071	nan
-4.16856	nan
-4.16642	nan
-4.16427	nan
-4.16213	nan
-4.15998	nan
-4.15784	nan
-4.15569	nan
-4.15355	nan
-4.1514	nan
-4.14926	nan
-4.14711	nan
-4.14497	nan
-4.14282	nan
-4.14068	nan
-4.13853	nan
-4.13639	nan
-4.13424	nan
-4.1321	nan
-4.12995	nan
-4.12781	nan
-4.12566	nan
-4.12352	nan
-4.12137	nan
-4.11923	nan
-4.11708	nan
-4.11494	nan
-4.11279	nan
-4.11065	nan
-4.10851	nan
-4.10636	nan
-4.10422	nan
-4.10207	nan
-4.09993	nan
-4.09778	nan
-4.09564	nan
-4.09349	nan
-4.09135	nan
-4.0892	nan
-4.08706	nan
-4.08491	nan
-4.08277	nan
-4.08062	nan
-4.07848	nan
-4.07633	nan
-4.07419	nan
-4.07204	nan
-4.0699	nan
-4.06775	nan
-4.06561	nan
-4.06346	nan
-4.06132	nan
-4.05917	nan
-4.05703	nan
-4.05488	nan
-4.05274	nan
-4.05059	nan
-4.04845	nan
-4.0463	nan
-4.04416	nan
-4.04201	nan
-4.03987	nan
-4.03772	nan
-4.03558	nan
-4.03343	nan
-4.03129	nan
-4.02914	nan
-4.027	nan
-4.02485	nan
-4.02271	nan
-4.02057	nan
-4.01842	nan
-4.01628	nan
-4.01413	nan
-4.01199	nan
-4.00984	nan
-4.0077	nan
-4.00555	nan
-4.00341	nan
-4.00126	nan
-3.99912	nan
-3.99697	nan
-3.99483	nan
-3.99268	nan
-3.99054	nan
-3.98839	nan
-3.98625	nan
-3.9841	nan
-3.98196	nan
-3.97981	nan
-3.97767	nan
-3.97552	nan
-3.97338	nan
-3.97123	nan
-3.96909	nan
-3.96694	nan
-3.9648	nan
-3.96265	nan
-3.96051	nan
-3.95836	nan
-3.95622	nan
-3.95407	nan
-3.95193	nan
-3.94978	nan
-3.94764	nan
-3.94549	nan
-3.94335	nan
-3.9412	nan
-3.93906	nan
-3.93692	nan
-3.93477	nan
-3.93263	nan
-3.93048	nan
-3.92834	nan
-3.92619	nan
-3.92405	nan
-3.9219	nan
-3.91976	nan
-3.91761	nan
-3.91547	nan
-3.91332	nan
-3.91118	nan
-3.90903	nan
-3.90689	nan
-3.90474	nan
-3.9026	nan
-3.90045	nan
-3.89831	nan
-3.89616	nan
-3.89402	nan
-3.89187	nan
-3.88973	nan
-3.88758	nan
-3.88544	nan
-3.88329	nan
-3.88115	nan
-3.879	nan
-3.87686	nan
-3.87471	nan
-3.87257	nan
-3.87042	nan
-3.86828	nan
-3.86613	nan
-3.86399	nan
-3.86184	nan
-3.8597	nan
-3.85755	nan
-3.85541	nan
-3.85327	nan
-3.85112	nan
-3.84898	nan
-3.84683	nan
-3.84469	nan
-3.84254	nan
-3.8404	nan
-3.83825	nan
-3.83611	nan
-3.83396	nan
-3.83182	nan
-3.82967	nan
-3.82753	nan
-3.82538	nan
-3.82324	nan
-3.82109	nan
-3.81895	nan
-3.8168	nan
-3.81466	nan
-3.81251	nan
-3.81037	nan
-3.80822	nan
-3.80608	nan
-3.80393	nan
-3.80179	nan
-3.79964	nan
-3.7975	nan
-3.79535	nan
-3.79321	nan
-3.79106	nan
-3.78892	nan
-3.78677	nan
-3.78463	nan
-3.78248	nan
-3.78034	nan
-3.77819	nan
-3.77605	nan
-3.7739	nan
-3.77176	nan
-3.76962	nan
-3.76747	nan
-3.76533	nan
-3.76318	nan
-3.76104	nan
-3.75889	nan
-3.75675	nan
-3.7546	nan
-3.75246	nan
-3.75031	nan
-3.74817	nan
-3.74602	nan
-3.74388	nan
-3.74173	nan
-3.73959	nan
-3.73744	nan
-3.7353	nan
-3.73315	nan
-3.73101	nan
-3.72886	nan
-3.72672	nan
-3.72457	nan
-3.72243	nan
-3.72028	nan
-3.71814	nan
-3.71599	nan
-3.71385	nan
-3.7117	nan
-3.70956	nan
-3.70741	nan
-3.70527	nan
-3.70312	nan
-3.70098	nan
-3.69883	nan
-3.69669	nan
-3.69454	nan
-3.6924	nan
-3.69025	nan
-3.68811	nan
-3.68596	nan
-3.68382	nan
-3.68168	nan
-3.67953	nan
-3.67739	nan
-3.67524	nan
-3.6731	nan
-3.67095	nan
-3.66881	nan
-3.66666	nan
-3.66452	nan
-3.66237	nan
-3.66023	nan
-3.65808	nan
-3.65594	nan
-3.65379	nan
-3.65165	nan
-3.6495	nan
-3.64736	nan
-3.64521	nan
-3.64307	nan
-3.64092	nan
-3.63878	nan
-3.63663	nan
-3.63449	nan
-3.63234	nan
-3.6302	nan
-3.62805	nan
-3.62591	nan
-3.62376	nan
-3.62162	nan
-3.61947	nan
-3.61733	nan
-3.61518	nan
-3.61304	nan
-3.61089	nan
-3.60875	nan
-3.6066	nan
-3.60446	nan
-3.60231	nan
-3.60017	nan
-3.59803	nan
-3.59588	nan
-3.59374	nan
-3.59159	nan
-3.58945	nan
-3.5873	nan
-3.58516	nan
-3.58301	nan
-3.58087	nan
-3.57872	nan
-3.57658	nan
-3.57443	nan
-3.57229	nan
-3.57014	nan
-3.568	nan
-3.56585	nan
-3.56371	nan
-3.56156	nan
-3.55942	nan
-3.55727	nan
-3.55513	nan
-3.55298	nan
-3.55084	nan
-3.54869	nan
-3.54655	nan
-3.5444	nan
-3.54226	nan
-3.54011	nan
-3.53797	nan
-3.53582	nan
-3.53368	nan
-3.53153	nan
-3.52939	nan
-3.52724	nan
-3.5251	nan
-3.52295	nan
-3.52081	nan
-3.51866	nan
-3.51652	nan
-3.51438	nan
-3.51223	nan
-3.51009	nan
-3.50794	nan
-3.5058	nan
-3.50365	nan
-3.50151	nan
-3.49936	nan
-3.49722	nan
-3.49507	nan
-3.49293	nan
-3.49078	nan
-3.48864	nan
-3.48649	nan
-3.48435	nan
-3.4822	nan
-3.48006	nan
-3.47791	nan
-3.47577	nan
-3.47362	nan
-3.47148	nan
-3.46933	nan
-3.46719	nan
-3.46504	nan
-3.4629	nan
-3.46075	nan
-3.45861	nan
-3.45646	nan
-3.45432	nan
-3.45217	nan
-3.45003	nan
-3.44788	nan
-3.44574	nan
-3.44359	nan
-3.44145	nan
-3.4393	nan
-3.43716	nan
-3.43501	nan
-3.43287	nan
-3.43073	nan
-3.42858	nan
-3.42644	nan
-3.42429	nan
-3.42215	nan
-3.42	nan
-3.41786	nan
-3.41571	nan
-3.41357	nan
-3.41142	nan
-3.40928	nan
-3.40713	nan
-3.40499	nan
-3.40284	nan
-3.4007	nan
-3.39855	nan
-3.39641	nan
-3.39426	nan
-3.39212	nan
-3.38997	nan
-3.38783	nan
-3.38568	nan
-3.38354	nan
-3.38139	nan
-3.37925	nan
-3.3771	nan
-3.37496	nan
-3.37281	nan
-3.37067	nan
-3.36852	nan
-3.36638	nan
-3.36423	nan
-3.36209	nan
-3.35994	nan
-3.3578	nan
-3.35565	nan
-3.35351	nan
-3.35136	nan
-3.34922	nan
-3.34707	nan
-3.34493	nan
-3.34279	nan
-3.34064	nan
-3.3385	nan
-3.33635	nan
-3.33421	nan
-3.33206	nan
-3.32992	nan
-3.32777	nan
-3.32563	nan
-3.32348	nan
-3.32134	nan
-3.31919	nan
-3.31705	nan
-3.3149	nan
-3.31276	nan
-3.31061	nan
-3.30847	nan
-3.30632	nan
-3.30418	nan
-3.30203	nan
-3.29989	nan
-3.29774	nan
-3.2956	nan
-3.29345	nan
-3.29131	nan
-3.28916	nan
-3.28702	nan
-3.28487	nan
-3.28273	nan
-3.28058	nan
-3.27844	nan
-3.27629	nan
-3.27415	nan
-3.272	nan
-3.26986	nan
-3.26771	nan
-3.26557	nan
-3.26342	nan
-3.26128	nan
-3.25914	nan
-3.25699	nan
-3.25485	nan
-3.2527	nan
-3.25056	nan
-3.24841	nan
-3.24627	nan
-3.24412	nan
-3.24198	nan
-3.23983	nan
-3.23769	nan
-3.23554	nan
-3.2334	nan
-3.23125	nan
-3.22911	nan
-3.22696	nan
-3.22482	nan
-3.22267	nan
-3.22053	nan
-3.21838	nan
-3.21624	nan
-3.21409	nan
-3.21195	nan
-3.2098	nan
-3.20766	nan
-3.20551	nan
-3.20337	nan
-3.20122	nan
-3.19908	nan
-3.19693	nan
-3.19479	nan
-3.19264	nan
-3.1905	nan
-3.18835	nan
-3.18621	nan
-3.18406	nan
-3.18192	nan
-3.17977	nan
-3.17763	nan
-3.17549	nan
-3.17334	nan
-3.1712	nan
-3.16905	nan
-3.16691	nan
-3.16476	nan
-3.16262	nan
-3.16047	nan
-3.15833	nan
-3.15618	nan
-3.15404	nan
-3.15189	nan
-3.14975	nan
-3.1476	nan
-3.14546	nan
-3.14331	nan
-3.14117	nan
-3.13902	nan
-3.13688	nan
-3.13473	nan
-3.13259	nan
-3.13044	nan
-3.1283	nan
-3.12615	nan
-3.12401	nan
-3.12186	nan
-3.11972	nan
-3.11757	nan
-3.11543	nan
-3.11328	nan
-3.11114	nan
-3.10899	nan
-3.10685	nan
-3.1047	nan
-3.10256	nan
-3.10041	nan
-3.09827	nan
-3.09612	nan
-3.09398	nan
-3.09184	nan
-3.08969	nan
-3.08755	nan
-3.0854	nan
-3.08326	nan
-3.08111	nan
-3.07897	nan
-3.07682	nan
-3.07468	nan
-3.07253	nan
-3.07039	nan
-3.06824	nan
-3.0661	nan
-3.06395	nan
-3.06181	nan
-3.05966	nan
-3.05752	nan
-3.05537	nan
-3.05323	nan
-3.05108	nan
-3.04894	nan
-3.04679	nan
-3.04465	nan
-3.0425	nan
-3.04036	nan
-3.03821	nan
-3.03607	nan
-3.03392	nan
-3.03178	nan
-3.02963	nan
-3.02749	nan
-3.02534	nan
-3.0232	nan
-3.02105	nan
-3.01891	nan
-3.01676	nan
-3.01462	nan
-3.01247	nan
-3.01033	nan
-3.00818	nan
-3.00604	nan
-3.0039	nan
-3.00175	nan
-2.99961	nan
-2.99746	nan
-2.99532	nan
-2.99317	nan
-2.99103	nan
-2.98888	nan
-2.98674	nan
-2.98459	nan
-2.98245	nan
-2.9803	nan
-2.97816	nan
-2.97601	nan
-2.97387	nan
-2.97172	nan
-2.96958	nan
-2.96743	nan
-2.96529	nan
-2.96314	nan
-2.961	nan
-2.95885	nan
-2.95671	nan
-2.95456	nan
-2.95242	nan
-2.95027	nan
-2.94813	nan
-2.94598	nan
-2.94384	nan
-2.94169	nan
-2.93955	nan
-2.9374	nan
-2.93526	nan
-2.93311	nan
-2.93097	nan
-2.92882	nan
-2.92668	nan
-2.92453	nan
-2.92239	nan
-2.92025	nan
-2.9181	nan
-2.91596	nan
-2.91381	nan
-2.91167	nan
-2.90952	nan
-2.90738	nan
-2.90523	nan
-2.90309	nan
-2.90094	nan
-2.8988	nan
-2.89665	nan
-2.89451	nan
-2.89236	nan
-2.89022	nan
-2.88807	nan
-2.88593	nan
-2.88378	nan
-2.88164	nan
-2.87949	nan
-2.87735	nan
-2.8752	nan
-2.87306	nan
-2.87091	nan
-2.86877	nan
-2.86662	nan
-2.86448	nan
-2.86233	nan
-2.86019	nan
-2.85804	nan
-2.8559	nan
-2.85375	nan
-2.85161	nan
-2.84946	nan
-2.84732	nan
-2.84517	nan
-2.84303	nan
-2.84088	nan
-2.83874	nan
-2.8366	nan
-2.83445	nan
-2.83231	nan
-2.83016	nan
-2.82802	nan
-2.82587	nan
-2.82373	nan
-2.82158	nan
-2.81944	nan
-2.81729	nan
-2.81515	nan
-2.813	nan
-2.81086	nan
-2.80871	nan
-2.80657	nan
-2.80442	nan
-2.80228	nan
-2.80013	nan
-2.79799	nan
-2.79584	nan
-2.7937	nan
-2.79155	nan
-2.78941	nan
-2.78726	nan
-2.78512	nan
-2.78297	nan
-2.78083	nan
-2.77868	nan
-2.77654	nan
-2.77439	nan
-2.77225	nan
-2.7701	nan
-2.76796	nan
-2.76581	nan
-2.76367	nan
-2.76152	nan
-2.75938	nan
-2.75723	nan
-2.75509	nan
-2.75295	nan
-2.7508	nan
-2.74866	nan
-2.74651	nan
-2.74437	nan
-2.74222	nan
-2.74008	nan
-2.73793	nan
-2.73579	nan
-2.73364	nan
-2.7315	nan
-2.72935	nan
-2.72721	nan
-2.72506	nan
-2.72292	nan
-2.72077	nan
-2.71863	nan
-2.71648	nan
-2.71434	nan
-2.71219	nan
-2.71005	nan
-2.7079	nan
-2.70576	nan
-2.70361	nan
-2.70147	nan
-2.69932	nan
-2.69718	nan
-2.69503	nan
-2.69289	nan
-2.69074	nan
-2.6886	nan
-2.68645	nan
-2.68431	nan
-2.68216	nan
-2.68002	nan
-2.67787	nan
-2.67573	nan
-2.67358	nan
-2.67144	nan
-2.66929	nan
-2.66715	nan
-2.66501	nan
-2.66286	nan
-2.66072	nan
-2.65857	nan
-2.65643	nan
-2.65428	nan
-2.65214	nan
-2.64999	nan
-2.64785	nan
-2.6457	nan
-2.64356	nan
-2.64141	nan
-2.63927	nan
-2.63712	nan
-2.63498	nan
-2.63283	nan
-2.63069	nan
-2.62854	nan
-2.6264	nan
-2.62425	nan
-2.62211	nan
-2.61996	nan
-2.61782	nan
-2.61567	nan
-2.61353	nan
-2.61138	nan
-2.60924	nan
-2.60709	nan
-2.60495	nan
-2.6028	nan
-2.60066	nan
-2.59851	nan
-2.59637	nan
-2.59422	nan
-2.59208	nan
-2.58993	nan
-2.58779	nan
-2.58564	nan
-2.5835	nan
-2.58136	nan
-2.57921	nan
-2.57707	nan
-2.57492	nan
-2.57278	nan
-2.57063	nan
-2.56849	nan
-2.56634	nan
-2.5642	nan
-2.56205	nan
-2.55991	nan
-2.55776	nan
-2.55562	nan
-2.55347	nan
-2.55133	nan
-2.54918	nan
-2.54704	nan
-2.54489	nan
-2.54275	nan
-2.5406	nan
-2.53846	nan
-2.53631	nan
-2.53417	nan
-2.53202	nan
-2.52988	nan
-2.52773	nan
-2.52559	nan
-2.52344	nan
-2.5213	nan
-2.51915	nan
-2.51701	nan
-2.51486	nan
-2.51272	nan
-2.51057	nan
-2.50843	nan
-2.50628	nan
-2.50414	nan
-2.50199	nan
-2.49985	nan
-2.49771	nan
-2.49556	nan
-2.49342	nan
-2.49127	nan
-2.48913	nan
-2.48698	nan
-2.48484	nan
-2.48269	nan
-2.48055	nan
-2.4784	nan
-2.47626	nan
-2.47411	nan
-2.47197	nan
-2.46982	nan
-2.46768	nan
-2.46553	nan
-2.46339	nan
-2.46124	nan
-2.4591	nan
-2.45695	nan
-2.45481	nan
-2.45266	nan
-2.45052	nan
-2.44837	nan
-2.44623	nan
-2.44408	nan
-2.44194	nan
-2.43979	nan
-2.43765	nan
-2.4355	nan
-2.43336	nan
-2.43121	nan
-2.42907	nan
-2.42692	nan
-2.42478	nan
-2.42263	nan
-2.42049	nan
-2.41834	nan
-2.4162	nan
-2.41406	nan
-2.41191	nan
-2.40977	nan
-2.40762	nan
-2.40548	nan
-2.40333	nan
-2.40119	nan
-2.39904	nan
-2.3969	nan
-2.39475	nan
-2.39261	nan
-2.39046	nan
-2.38832	nan
-2.38617	nan
-2.38403	nan
-2.38188	nan
-2.37974	nan
-2.37759	nan
-2.37545	nan
-2.3733	nan
-2.37116	nan
-2.36901	nan
-2.36687	nan
-2.36472	nan
-2.36258	nan
-2.36043	nan
-2.35829	nan
-2.35614	nan
-2.354	nan
-2.35185	nan
-2.34971	nan
-2.34756	nan
-2.34542	nan
-2.34327	nan
-2.34113	nan
-2.33898	nan
-2.33684	nan
-2.33469	nan
-2.33255	nan
-2.3304	nan
-2.32826	nan
-2.32612	nan
-2.32397	nan
-2.32183	nan
-2.31968	nan
-2.31754	nan
-2.31539	nan
-2.31325	nan
-2.3111	nan
-2.30896	nan
-2.30681	nan
-2.30467	nan
-2.30252	nan
-2.30038	nan
-2.29823	nan
-2.29609	nan
-2.29394	nan
-2.2918	nan
-2.28965	nan
-2.28751	nan
-2.28536	nan
-2.28322	nan
-2.28107	nan
-2.27893	nan
-2.27678	nan
-2.27464	nan
-2.27249	nan
-2.27035	nan
-2.2682	nan
-2.26606	nan
-2.26391	nan
-2.26177	nan
-2.25962	nan
-2.25748	nan
-2.25533	nan
-2.25319	nan
-2.25104	nan
-2.2489	nan
-2.24675	nan
-2.24461	nan
-2.24247	nan
-2.24032	nan
-2.23818	nan
-2.23603	nan
-2.23389	nan
-2.23174	nan
-2.2296	nan
-2.22745	nan
-2.22531	nan
-2.22316	nan
-2.22102	nan
-2.21887	nan
-2.21673	nan
-2.21458	nan
-2.21244	nan
-2.21029	nan
-2.20815	nan
-2.206	nan
-2.20386	nan
-2.20171	nan
-2.19957	nan
-2.19742	nan
-2.19528	nan
-2.19313	nan
-2.19099	nan
-2.18884	nan
-2.1867	nan
-2.18455	nan
-2.18241	nan
-2.18026	nan
-2.17812	nan
-2.17597	nan
-2.17383	nan
-2.17168	nan
-2.16954	nan
-2.16739	nan
-2.16525	nan
-2.1631	nan
-2.16096	nan
-2.15882	nan
-2.15667	nan
-2.15453	nan
-2.15238	nan
-2.15024	nan
-2.14809	nan
-2.14595	nan
-2.1438	nan
-2.14166	nan
-2.13951	nan
-2.13737	nan
-2.13522	nan
-2.13308	nan
-2.13093	nan
-2.12879	nan
-2.12664	nan
-2.1245	nan
-2.12235	nan
-2.12021	nan
-2.11806	nan
-2.11592	nan
-2.11377	nan
-2.11163	nan
-2.10948	nan
-2.10734	nan
-2.10519	nan
-2.10305	nan
-2.1009	nan
-2.09876	nan
-2.09661	nan
-2.09447	nan
-2.09232	nan
-2.09018	nan
-2.08803	nan
-2.08589	nan
-2.08374	nan
-2.0816	nan
-2.07945	nan
-2.07731	nan
-2.07517	nan
-2.07302	nan
-2.07088	nan
-2.06873	nan
-2.06659	nan
-2.06444	nan
-2.0623	nan
-2.06015	nan
-2.05801	nan
-2.05586	nan
-2.05372	nan
-2.05157	nan
-2.04943	nan
-2.04728	nan
-2.04514	nan
-2.04299	nan
-2.04085	nan
-2.0387	nan
-2.03656	nan
-2.03441	nan
-2.03227	nan
-2.03012	nan
-2.02798	nan
-2.02583	nan
-2.02369	nan
-2.02154	nan
-2.0194	nan
-2.01725	nan
-2.01511	nan
-2.01296	nan
-2.01082	nan
-2.00867	nan
-2.00653	nan
-2.00438	nan
-2.00224	nan
-2.00009	nan
-1.99795	nan
-1.9958	nan
-1.99366	nan
-1.99151	nan
-1.98937	nan
-1.98723	nan
-1.98508	nan
-1.98294	nan
-1.98079	nan
-1.97865	nan
-1.9765	nan
-1.97436	nan
-1.97221	nan
-1.97007	nan
-1.96792	nan
-1.96578	nan
-1.96363	nan
-1.96149	nan
-1.95934	nan
-1.9572	nan
-1.95505	nan
-1.95291	nan
-1.95076	nan
-1.94862	nan
-1.94647	nan
-1.94433	nan
-1.94218	nan
-1.94004	nan
-1.93789	nan
-1.93575	nan
-1.9336	nan
-1.93146	nan
-1.92931	nan
-1.92717	nan
-1.92502	nan
-1.92288	nan
-1.92073	nan
-1.91859	nan
-1.91644	nan
-1.9143	nan
-1.91215	nan
-1.91001	nan
-1.90786	nan
-1.90572	nan
-1.90358	nan
-1.90143	nan
-1.89929	nan
-1.89714	nan
-1.895	nan
-1.89285	nan
-1.89071	nan
-1.88856	nan
-1.88642	nan
-1.88427	nan
-1.88213	nan
-1.87998	nan
-1.87784	nan
-1.87569	nan
-1.87355	nan
-1.8714	nan
-1.86926	nan
-1.86711	nan
-1.86497	nan
-1.86282	nan
-1.86068	nan
-1.85853	nan
-1.85639	nan
-1.85424	nan
-1.8521	nan
-1.84995	nan
-1.84781	nan
-1.84566	nan
-1.84352	nan
-1.84137	nan
-1.83923	nan
-1.83708	nan
-1.83494	nan
-1.83279	nan
-1.83065	nan
-1.8285	nan
-1.82636	nan
-1.82421	nan
-1.82207	nan
-1.81993	nan
-1.81778	nan
-1.81564	nan
-1.81349	nan
-1.81135	nan
-1.8092	nan
-1.80706	nan
-1.80491	nan
-1.80277	nan
-1.80062	nan
-1.79848	nan
-1.79633	nan
-1.79419	nan
-1.79204	nan
-1.7899	nan
-1.78775	nan
-1.78561	nan
-1.78346	nan
-1.78132	nan
-1.77917	nan
-1.77703	nan
-1.77488	nan
-1.77274	nan
-1.77059	nan
-1.76845	nan
-1.7663	nan
-1.76416	nan
-1.76201	nan
-1.75987	nan
-1.75772	nan
-1.75558	nan
-1.75343	nan
-1.75129	nan
-1.74914	nan
-1.747	nan
-1.74485	nan
-1.74271	nan
-1.74056	nan
-1.73842	nan
-1.73628	nan
-1.73413	nan
-1.73199	nan
-1.72984	nan
-1.7277	nan
-1.72555	nan
-1.72341	nan
-1.72126	nan
-1.71912	nan
-1.71697	nan
-1.71483	nan
-1.71268	nan
-1.71054	nan
-1.70839	nan
-1.70625	nan
-1.7041	nan
-1.70196	nan
-1.69981	nan
-1.69767	nan
-1.69552	nan
-1.69338	nan
-1.69123	nan
-1.68909	nan
-1.68694	nan
-1.6848	nan
-1.68265	nan
-1.68051	nan
-1.67836	nan
-1.67622	nan
-1.67407	nan
-1.67193	nan
-1.66978	nan
-1.66764	nan
-1.66549	nan
-1.66335	nan
-1.6612	nan
-1.65906	nan
-1.65691	nan
-1.65477	nan
-1.65262	nan
-1.65048	nan
-1.64834	nan
-1.64619	nan
-1.64405	nan
-1.6419	nan
-1.63976	nan
-1.63761	nan
-1.63547	nan
-1.63332	nan
-1.63118	nan
-1.62903	nan
-1.62689	nan
-1.62474	nan
-1.6226	nan
-1.62045	nan
-1.61831	nan
-1.61616	nan
-1.61402	nan
-1.61187	nan
-1.60973	nan
-1.60758	nan
-1.60544	nan
-1.60329	nan
-1.60115	nan
-1.599	nan
-1.59686	nan
-1.59471	nan
-1.59257	nan
-1.59042	nan
-1.58828	nan
-1.58613	nan
-1.58399	nan
-1.58184	nan
-1.5797	nan
-1.57755	nan
-1.57541	nan
-1.57326	nan
-1.57112	nan
-1.56897	nan
-1.56683	nan
-1.56469	nan
-1.56254	nan
-1.5604	nan
-1.55825	nan
-1.55611	nan
-1.55396	nan
-1.55182	nan
-1.54967	nan
-1.54753	nan
-1.54538	nan
-1.54324	nan
-1.54109	nan
-1.53895	nan
-1.5368	nan
-1.53466	nan
-1.53251	nan
-1.53037	nan
-1.52822	nan
-1.52608	nan
-1.52393	nan
-1.52179	nan
-1.51964	nan
-1.5175	nan
-1.51535	nan
-1.51321	nan
-1.51106	nan
-1.50892	nan
-1.50677	nan
-1.50463	nan
-1.50248	nan
-1.50034	nan
-1.49819	nan
-1.49605	nan
-1.4939	nan
-1.49176	nan
-1.48961	nan
-1.48747	nan
-1.48532	nan
-1.48318	nan
-1.48104	nan
-1.47889	nan
-1.47675	nan
-1.4746	nan
-1.47246	nan
-1.47031	nan
-1.46817	nan
-1.46602	nan
-1.46388	nan
-1.46173	nan
-1.45959	nan
-1.45744	nan
-1.4553	nan
-1.45315	nan
-1.45101	nan
-1.44886	nan
-1.44672	nan
-1.44457	nan
-1.44243	nan
-1.44028	nan
-1.43814	nan
-1.43599	nan
-1.43385	nan
-1.4317	nan
-1.42956	nan
-1.42741	nan
-1.42527	nan
-1.42312	nan
-1.42098	nan
-1.41883	nan
-1.41669	nan
-1.41454	nan
-1.4124	nan
-1.41025	nan
-1.40811	nan
-1.40596	nan
-1.40382	nan
-1.40167	nan
-1.39953	nan
-1.39739	nan
-1.39524	nan
-1.3931	nan
-1.39095	nan
-1.38881	nan
-1.38666	nan
-1.38452	nan
-1.38237	nan
-1.38023	nan
-1.37808	nan
-1.37594	nan
-1.37379	nan
-1.37165	nan
-1.3695	nan
-1.36736	nan
-1.36521	nan
-1.36307	nan
-1.36092	nan
-1.35878	nan
-1.35663	nan
-1.35449	nan
-1.35234	nan
-1.3502	nan
-1.34805	nan
-1.34591	nan
-1.34376	nan
-1.34162	nan
-1.33947	nan
-1.33733	nan
-1.33518	nan
-1.33304	nan
-1.33089	nan
-1.32875	nan
-1.3266	nan
-1.32446	nan
-1.32231	nan
-1.32017	nan
-1.31802	nan
-1.31588	nan
-1.31373	nan
-1.31159	nan
-1.30945	nan
-1.3073	nan
-1.30516	nan
-1.30301	nan
-1.30087	nan
-1.29872	nan
-1.29658	nan
-1.29443	nan
-1.29229	nan
-1.29014	nan
-1.288	nan
-1.28585	nan
-1.28371	nan
-1.28156	nan
-1.27942	nan
-1.27727	nan
-1.27513	nan
-1.27298	nan
-1.27084	nan
-1.26869	nan
-1.26655	nan
-1.2644	nan
-1.26226	nan
-1.26011	nan
-1.25797	nan
-1.25582	nan
-1.25368	nan
-1.25153	nan
-1.24939	nan
-1.24724	nan
-1.2451	nan
-1.24295	nan
-1.24081	nan
-1.23866	nan
-1.23652	nan
-1.23437	nan
-1.23223	nan
-1.23008	nan
-1.22794	nan
-1.2258	nan
-1.22365	nan
-1.22151	nan
-1.21936	nan
-1.21722	nan
-1.21507	nan
-1.21293	nan
-1.21078	nan
-1.20864	nan
-1.20649	nan
-1.20435	nan
-1.2022	nan
-1.20006	nan
-1.19791	nan
-1.19577	nan
-1.19362	nan
-1.19148	nan
-1.18933	nan
-1.18719	nan
-1.18504	nan
-1.1829	nan
-1.18075	nan
-1.17861	nan
-1.17646	nan
-1.17432	nan
-1.17217	nan
-1.17003	nan
-1.16788	nan
-1.16574	nan
-1.16359	nan
-1.16145	nan
-1.1593	nan
-1.15716	nan
-1.15501	nan
-1.15287	nan
-1.15072	nan
-1.14858	nan
-1.14643	nan
-1.14429	nan
-1.14215	nan
-1.14	nan
-1.13786	nan
-1.13571	nan
-1.13357	nan
-1.13142	nan
-1.12928	nan
-1.12713	nan
-1.12499	nan
-1.12284	nan
-1.1207	nan
-1.11855	nan
-1.11641	nan
-1.11426	nan
-1.11212	nan
-1.10997	nan
-1.10783	nan
-1.10568	nan
-1.10354	nan
-1.10139	nan
-1.09925	nan
-1.0971	nan
-1.09496	nan
-1.09281	nan
-1.09067	nan
-1.08852	nan
-1.08638	nan
-1.08423	nan
-1.08209	nan
-1.07994	nan
-1.0778	nan
-1.07565	nan
-1.07351	nan
-1.07136	nan
-1.06922	nan
-1.06707	nan
-1.06493	nan
-1.06278	nan
-1.06064	nan
-1.0585	nan
-1.05635	nan
-1.05421	nan
-1.05206	nan
-1.04992	nan
-1.04777	nan
-1.04563	nan
-1.04348	nan
-1.04134	nan
-1.03919	nan
-1.03705	nan
-1.0349	nan
-1.03276	nan
-1.03061	nan
-1.02847	nan
-1.02632	nan
-1.02418	nan
-1.02203	nan
-1.01989	nan
-1.01774	nan
-1.0156	nan
-1.01345	nan
-1.01131	nan
-1.00916	nan
-1.00702	nan
-1.00487	nan
-1.00273	nan
-1.00058	nan
-0.998439	nan
-0.996294	nan
-0.994149	nan
-0.992004	nan
-0.989859	nan
-0.987714	nan
-0.985569	nan
-0.983424	nan
-0.98128	nan
-0.979135	nan
-0.97699	nan
-0.974845	nan
-0.9727	nan
-0.970555	nan
-0.96841	nan
-0.966265	nan
-0.964121	nan
-0.961976	nan
-0.959831	nan
-0.957686	nan
-0.955541	nan
-0.953396	nan
-0.951251	nan
-0.949106	nan
-0.946962	nan
-0.944817	nan
-0.942672	nan
-0.940527	nan
-0.938382	nan
-0.936237	nan
-0.934092	nan
-0.931948	nan
-0.929803	nan
-0.927658	nan
-0.925513	nan
-0.923368	nan
-0.921223	nan
-0.919078	nan
-0.916933	nan
-0.914789	nan
-0.912644	nan
-0.910499	nan
-0.908354	nan
-0.906209	nan
-0.904064	nan
-0.901919	nan
-0.899774	nan
-0.89763	nan
-0.895485	nan
-0.89334	nan
-0.891195	nan
-0.88905	nan
-0.886905	nan
-0.88476	nan
-0.882615	nan
-0.880471	nan
-0.878326	nan
-0.876181	nan
-0.874036	nan
-0.871891	nan
-0.869746	nan
-0.867601	nan
-0.865456	nan
-0.863312	nan
-0.861167	nan
-0.859022	nan
-0.856877	nan
-0.854732	nan
-0.852587	nan
-0.850442	nan
-0.848297	nan
-0.846153	nan
-0.844008	nan
-0.841863	nan
-0.839718	nan
-0.837573	nan
-0.835428	nan
-0.833283	nan
-0.831138	nan
-0.828994	nan
-0.826849	nan
-0.824704	nan
-0.822559	nan
-0.820414	nan
-0.818269	nan
-0.816124	nan
-0.813979	nan
-0.811835	nan
-0.80969	nan
-0.807545	nan
-0.8054	nan
-0.803255	nan
-0.80111	nan
-0.798965	nan
-0.79682	nan
-0.794676	nan
-0.792531	nan
-0.790386	nan
-0.788241	nan
-0.786096	nan
-0.783951	nan
-0.781806	nan
-0.779661	nan
-0.777517	nan
-0.775372	nan
-0.773227	nan
-0.771082	nan
-0.768937	nan
-0.766792	nan
-0.764647	nan
-0.762503	nan
-0.760358	nan
-0.758213	nan
-0.756068	nan
-0.753923	nan
-0.751778	nan
-0.749633	nan
-0.747488	nan
-0.745344	inf
-0.743199	inf
-0.741054	inf
-0.738909	inf
-0.736764	inf
-0.734619	inf
-0.732474	inf
-0.730329	inf
-0.728185	inf
-0.72604	inf
-0.723895	inf
-0.72175	inf
-0.719605	inf
-0.71746	inf
-0.715315	inf
-0.71317	inf
-0.711026	inf
-0.708881	inf
-0.706736	inf
-0.704591	inf
-0.702446	inf
-0.700301	inf
-0.698156	inf
-0.696011	inf
-0.693867	inf
-0.691722	inf
-0.689577	inf
-0.687432	inf
-0.685287	inf
-0.683142	inf
-0.680997	inf
-0.678852	inf
-0.676708	inf
-0.674563	inf
-0.672418	inf
-0.670273	inf
-0.668128	inf
-0.665983	inf
-0.663838	inf
-0.661693	inf
-0.659549	inf
-0.657404	inf
-0.655259	inf
-0.653114	inf
-0.650969	inf
-0.648824	inf
-0.646679	inf
-0.644534	inf
-0.64239	inf
-0.640245	inf
-0.6381	inf
-0.635955	inf
-0.63381	inf
-0.631665	inf
-0.62952	inf
-0.627375	inf
-0.625231	inf
-0.623086	inf
-0.620941	inf
-0.618796	inf
-0.616651	inf
-0.614506	inf
-0.612361	inf
-0.610216	inf
-0.608072	inf
-0.605927	inf
-0.603782	inf
-0.601637	inf
-0.599492	inf
-0.597347	inf
-0.595202	inf
-0.593058	inf
-0.590913	inf
-0.588768	inf
-0.586623	inf
-0.584478	inf
-0.582333	inf
-0.580188	inf
-0.578043	inf
-0.575899	inf
-0.573754	inf
-0.571609	inf
-0.569464	inf
-0.567319	inf
-0.565174	inf
-0.563029	inf
-0.560884	inf
-0.55874	inf
-0.556595	inf
-0.55445	inf
-0.552305	inf
-0.55016	inf
-0.548015	inf
-0.54587	inf
-0.543725	inf
-0.541581	inf
-0.539436	inf
-0.537291	inf
-0.535146	inf
-0.533001	inf
-0.530856	inf
-0.528711	inf
-0.526566	inf
-0.524422	inf
-0.522277	inf
-0.520132	inf
-0.517987	inf
-0.515842	inf
-0.513697	inf
-0.511552	1.28114e+307
-0.509407	3.10193e+304
-0.507263	1.46678e+302
-0.505118	1.35281e+299
-0.502973	1.32442e+297
-0.500828	1.11621e+297
-0.498683	6.7551e+294
-0.496538	2.34839e+293
-0.494393	1.0668e+291
-0.492248	5.03906e+288
-0.490104	2.51995e+287
-0.487959	1.47232e+285
-0.485814	3.81448e+283
-0.483669	2.19632e+281
-0.481524	1.69244e+279
-0.479379	3.99527e+277
-0.477234	2.29456e+275
-0.475089	5.28803e+273
-0.472945	2.88401e+270
-0.4708	8.85058e+268
-0.468655	1.13586e+269
-0.46651	3.23975e+266
-0.464365	6.80433e+264
-0.46222	3.61904e+263
-0.460075	1.54669e+261
-0.45793	2.16714e+258
-0.455786	3.03914e+257
-0.453641	1.11468e+256
-0.451496	1.37444e+254
-0.449351	2.13582e+252
-0.447206	4.59593e+249
-0.445061	1.94395e+248
-0.442916	1.03671e+247
-0.440771	3.99981e+245
-0.438627	1.63903e+243
-0.436482	4.43148e+240
-0.434337	2.28106e+240
-0.432192	4.86653e+238
-0.430047	7.94094e+234
-0.427902	1.62e+235
-0.425757	7.92241e+232
-0.423613	1.65649e+231
-0.421468	1.72904e+229
-0.419323	9.79826e+227
-0.417178	4.52916e+226
-0.415033	1.42456e+224
-0.412888	7.0314e+223
-0.410743	4.80436e+221
-0.408598	5.48712e+219
-0.406454	1.70052e+218
-0.404309	8.75475e+216
-0.402164	1.97783e+215
-0.400019	1.04771e+214
-0.397874	2.33249e+211
-0.395729	2.56428e+210
-0.393584	5.46106e+208
-0.391439	9.76901e+205
-0.389295	3.54227e+205
-0.38715	2.05545e+203
-0.385005	1.54551e+203
-0.38286	1.28975e+201
-0.380715	7.65137e+199
-0.37857	1.40651e+198
-0.376425	6.55285e+196
-0.37428	7.04703e+194
-0.372136	3.03726e+192
-0.369991	1.60897e+192
-0.367846	6.05645e+190
-0.365701	2.28731e+189
-0.363556	9.58445e+186
-0.361411	4.68979e+186
-0.359266	3.17455e+184
-0.357121	1.23972e+183
-0.354977	2.84294e+181
-0.352832	1.6702e+180
-0.350687	2.69137e+178
-0.348542	1.01817e+178
-0.346397	5.16208e+176
-0.344252	8.97119e+174
-0.342107	2.30267e+173
-0.339962	1.10333e+172
-0.337818	4.72825e+170
-0.335673	5.35002e+169
-0.333528	1.40172e+168
-0.331383	5.77101e+166
-0.329238	2.4605e+165
-0.327093	1.47213e+163
-0.324948	4.36536e+162
-0.322803	2.27162e+161
-0.320659	1.53692e+159
-0.318514	6.94156e+157
-0.316369	4.76186e+157
-0.314224	3.31191e+155
-0.312079	2.74917e+154
-0.309934	1.01454e+153
-0.307789	1.04879e+152
-0.305644	7.39554e+150
-0.3035	1.83073e+148
-0.301355	1.86905e+149
-0.29921	2.24914e+147
-0.297065	1.22012e+146
-0.29492	2.41476e+144
-0.292775	8.55059e+143
-0.29063	6.24318e+141
-0.288485	1.09485e+141
-0.286341	6.915e+139
-0.284196	8.3056e+138
-0.282051	2.42944e+137
-0.279906	5.43231e+135
-0.277761	1.15682e+135
-0.275616	4.36527e+132
-0.273471	1.73302e+132
-0.271326	3.20103e+131
-0.269182	1.16502e+130
-0.267037	4.11159e+129
-0.264892	2.90749e+126
-0.262747	1.17027e+126
-0.260602	1.5379e+126
-0.258457	2.10208e+124
-0.256312	1.13574e+123
-0.254168	1.38028e+122
-0.252023	1.96219e+121
-0.249878	4.20033e+120
-0.247733	6.92368e+117
-0.245588	3.648e+117
-0.243443	1.56489e+116
-0.241298	6.14841e+115
-0.239153	9.19515e+114
-0.237009	1.95729e+113
-0.234864	1.59179e+111
-0.232719	3.80766e+111
-0.230574	9.39542e+109
-0.228429	4.86871e+109
-0.226284	2.64674e+107
-0.224139	3.21996e+107
-0.221994	6.07998e+105
-0.21985	1.03335e+105
-0.217705	4.58503e+103
-0.21556	1.70789e+102
-0.213415	2.22174e+101
-0.21127	7.52786e+99
-0.209125	4.21058e+98
-0.20698	1.27309e+99
-0.204835	9.5928e+96
-0.202691	1.29223e+97
-0.200546	5.71615e+95
-0.198401	1.72566e+95
-0.196256	1.22305e+93
-0.194111	3.64427e+92
-0.191966	1.18751e+92
-0.189821	6.76416e+90
-0.187676	1.77798e+90
-0.185532	1.30755e+88
-0.183387	8.54734e+87
-0.181242	1.47437e+87
-0.179097	2.74544e+85
-0.176952	8.03386e+84
-0.174807	3.72574e+84
-0.172662	6.2299e+83
-0.170517	3.35535e+82
-0.168373	5.71249e+81
-0.166228	2.59236e+79
-0.164083	7.13962e+78
-0.161938	2.17412e+78
-0.159793	3.39256e+78
-0.157648	1.42951e+77
-0.155503	5.14065e+75
-0.153358	1.14841e+74
-0.151214	8.637e+74
-0.149069	1.65099e+74
-0.146924	3.12601e+73
-0.144779	7.92411e+71
-0.142634	2.98638e+71
-0.140489	1.05562e+70
-0.138344	1.72966e+70
-0.136199	3.19953e+68
-0.134055	5.57506e+66
-0.13191	8.25805e+67
-0.129765	5.39396e+66
-0.12762	5.24236e+65
-0.125475	2.22135e+65
-0.12333	1.53581e+64
-0.121185	2.95519e+63
-0.11904	8.16129e+62
-0.116896	4.96442e+61
-0.114751	1.80536e+59
-0.112606	6.29079e+59
-0.110461	5.09928e+58
-0.108316	1.06896e+58
-0.106171	1.05749e+58
-0.104026	3.90027e+57
-0.101881	2.13253e+56
-0.0997366	2.51247e+55
-0.0975917	8.30972e+54
-0.0954469	1.42334e+54
-0.093302	1.64434e+53
-0.0911571	2.00285e+53
-0.0890122	1.3401e+52
-0.0868674	5.81184e+51
-0.0847225	1.68253e+50
-0.0825776	1.86094e+49
-0.0804328	1.28013e+49
-0.0782879	3.36137e+48
-0.076143	1.05099e+47
-0.0739981	1.16707e+47
-0.0718533	4.79896e+45
-0.0697084	1.0449e+45
-0.0675635	5.7688e+44
-0.0654186	1.06636e+43
-0.0632738	1.01539e+43
-0.0611289	4.72978e+42
-0.058984	1.98948e+42
-0.0568391	1.22858e+42
-0.0546943	3.38911e+40
-0.0525494	2.81119e+39
-0.0504045	1.78656e+39
-0.0482597	4.45779e+37
-0.0461148	7.8814e+37
-0.0439699	2.56663e+37
-0.041825	4.45624e+35
-0.0396802	2.39849e+36
-0.0375353	2.23056e+35
-0.0353904	4.4374e+34
-0.0332455	1.53686e+34
-0.0311007	3.35559e+32
-0.0289558	9.49152e+32
-0.0268109	1.02659e+32
-0.024666	4.15895e+31
-0.0225212	5.16948e+30
-0.0203763	1.54119e+29
-0.0182314	3.12149e+27
-0.0160866	1.10678e+28
-0.0139417	3.56906e+29
-0.0117968	2.87966e+28
-0.00965193	8.07766e+27
-0.00750706	7.25149e+27
-0.00536218	6.89752e+25
-0.00321731	5.84482e+24
-0.00107244	9.57878e+25
0.00107244	1.82685e+26
0.00321731	5.84482e+24
0.00536218	8.26724e+26
0.00750706	7.25149e+27
0.00965193	1.21213e+28
0.0117968	2.87966e+28
0.0139417	3.56906e+29
0.0160866	6.54071e+29
0.0182314	3.12149e+27
0.0203763	1.09193e+31
0.0225212	5.16948e+30
0.024666	4.15895e+31
0.0268109	1.68903e+32
0.0289558	9.49152e+32
0.0311007	2.39286e+33
0.0332455	3.90522e+34
0.0353904	4.4374e+34
0.0375353	9.64166e+35
0.0396802	2.39849e+36
0.041825	4.45624e+35
0.0439699	4.10176e+37
0.0461148	7.8814e+37
0.0482597	2.70302e+38
0.0504045	1.78656e+39
0.0525494	5.5761e+39
0.0546943	3.38911e+40
0.0568391	1.22858e+42
0.058984	2.23413e+42
0.0611289	4.72978e+42
0.0632738	8.1384e+42
0.0654186	1.06636e+43
0.0675635	5.7688e+44
0.0697084	3.58636e+45
0.0718533	4.79896e+45
0.0739981	3.71993e+46
0.076143	1.05099e+47
0.0782879	3.36137e+48
0.0804328	5.15158e+48
0.0825776	1.86094e+49
0.0847225	6.934e+50
0.0868674	5.81184e+51
0.0890122	1.3401e+52
0.0911571	5.30315e+52
0.093302	1.64434e+53
0.0954469	1.42334e+54
0.0975917	4.69492e+54
0.0997366	2.51247e+55
0.101881	2.13253e+56
0.104026	3.90027e+57
0.106171	7.35297e+57
0.108316	1.06896e+58
0.110461	2.44804e+59
0.112606	5.05755e+60
0.114751	1.80536e+59
0.116896	2.1177e+62
0.11904	8.16129e+62
0.121185	2.95519e+63
0.12333	1.55891e+64
0.125475	2.22135e+65
0.12762	7.65391e+65
0.129765	5.39396e+66
0.13191	8.25805e+67
0.134055	1.65899e+68
0.136199	3.19953e+68
0.138344	1.28334e+69
0.140489	1.05562e+70
0.142634	2.98638e+71
0.144779	2.21688e+69
0.146924	3.12601e+73
0.149069	1.65099e+74
0.151214	8.637e+74
0.153358	1.14841e+74
0.155503	5.14065e+75
0.157648	1.42951e+77
0.159793	4.45599e+77
0.161938	2.17412e+78
0.164083	3.43378e+80
0.166228	2.59236e+79
0.168373	5.71249e+81
0.170517	7.452e+81
0.172662	6.2299e+83
0.174807	8.23917e+84
0.176952	7.14369e+84
0.179097	2.74544e+85
0.181242	4.92957e+87
0.183387	8.54734e+87
0.185532	1.30755e+88
0.187676	1.37243e+89
0.189821	6.76416e+90
0.191966	1.66816e+92
0.194111	3.64427e+92
0.196256	1.22305e+93
0.198401	9.7925e+94
0.200546	5.71615e+95
0.202691	1.29223e+97
0.204835	9.5928e+96
0.20698	2.15936e+98
0.209125	4.21058e+98
0.21127	7.52786e+99
0.213415	1.35371e+101
0.21556	1.70789e+102
0.217705	6.15729e+103
0.21985	1.03335e+105
0.221994	6.07998e+105
0.224139	1.4913e+106
0.226284	2.64674e+107
0.228429	1.00603e+108
0.230574	9.39542e+109
0.232719	3.80766e+111
0.234864	2.43123e+111
0.237009	1.95729e+113
0.239153	9.19515e+114
0.241298	3.63448e+115
0.243443	1.56489e+116
0.245588	4.0261e+117
0.247733	6.92368e+117
0.249878	4.20033e+120
0.252023	1.00987e+121
0.254168	1.03576e+122
0.256312	7.44437e+123
0.258457	2.10208e+124
0.260602	5.49115e+125
0.262747	1.17027e+126
0.264892	2.90749e+126
0.267037	1.5417e+129
0.269182	1.16502e+130
0.271326	4.38535e+131
0.273471	1.73302e+132
0.275616	4.36527e+132
0.277761	2.43522e+135
0.279906	5.43231e+135
0.282051	1.22343e+137
0.284196	8.3056e+138
0.286341	6.915e+139
0.288485	9.10006e+140
0.29063	6.24318e+141
0.292775	8.55059e+143
0.29492	1.99242e+145
0.297065	1.22012e+146
0.29921	1.05039e+147
0.301355	1.86905e+149
0.3035	1.83073e+148
0.305644	9.63994e+149
0.307789	2.5715e+152
0.309934	1.01454e+153
0.312079	2.74917e+154
0.314224	7.35848e+154
0.316369	4.76186e+157
0.318514	1.04665e+158
0.320659	3.33862e+160
0.322803	2.27162e+161
0.324948	7.24076e+162
0.327093	1.47213e+163
0.329238	2.4605e+165
0.331383	1.14839e+167
0.333528	1.40172e+168
0.335673	1.82708e+169
0.337818	4.72825e+170
0.339962	1.10333e+172
0.342107	2.40803e+172
0.344252	8.97119e+174
0.346397	5.16208e+176
0.348542	2.10091e+177
0.350687	2.69137e+178
0.352832	1.4595e+180
0.354977	2.84294e+181
0.357121	4.37151e+182
0.359266	1.34574e+185
0.361411	2.53537e+186
0.363556	9.58445e+186
0.365701	2.28731e+189
0.367846	1.12565e+191
0.369991	1.60897e+192
0.372136	5.86866e+193
0.37428	7.04703e+194
0.376425	6.55285e+196
0.37857	5.17031e+197
0.380715	7.65137e+199
0.38286	1.28975e+201
0.385005	3.82032e+202
0.38715	2.05545e+203
0.389295	6.33591e+205
0.391439	9.76901e+205
0.393584	5.46106e+208
0.395729	3.46906e+210
0.397874	2.33249e+211
0.400019	1.56058e+212
0.402164	2.38477e+214
0.404309	8.75475e+216
0.406454	2.52876e+218
0.408598	5.48712e+219
0.410743	3.51826e+221
0.412888	7.0314e+223
0.415033	2.62998e+225
0.417178	4.52916e+226
0.419323	9.79826e+227
0.421468	1.64703e+230
0.423613	1.65649e+231
0.425757	5.82287e+232
0.427902	1.62e+235
0.430047	7.94094e+234
0.432192	1.67406e+238
0.434337	2.28106e+240
0.436482	4.43148e+240
0.438627	1.29965e+243
0.440771	3.99981e+245
0.442916	2.2106e+246
0.445061	1.94395e+248
0.447206	4.59593e+249
0.449351	9.45147e+250
0.451496	1.37444e+254
0.453641	6.12951e+254
0.455786	3.03914e+257
0.45793	2.16714e+258
0.460075	1.54669e+261
0.46222	2.29518e+262
0.464365	4.43472e+264
0.46651	3.23975e+266
0.468655	6.01104e+267
0.4708	8.85058e+268
0.472945	2.88401e+270
0.475089	1.37284e+273
0.477234	2.29456e+275
0.479379	2.18345e+277
0.481524	1.69244e+279
0.483669	2.19632e+281
0.485814	7.44253e+282
0.487959	1.47232e+285
0.490104	2.51995e+287
0.492248	5.03499e+289
0.494393	1.0668e+291
0.496538	9.34392e+292
0.498683	6.7551e+294
0.500828	1.11621e+297
0.502973	2.49627e+298
0.505118	1.35281e+299
0.507263	3.78757e+302
0.509407	3.10193e+304
0.511552	1.28114e+307
0.513697	inf
0.515842	inf
0.517987	inf
0.520132	inf
0.522277	inf
0.524422	inf
0.526566	inf
0.528711	inf
0.530856	inf
0.533001	inf
0.535146	inf
0.537291	inf
0.539436	inf
0.541581	inf
0.543725	inf
0.54587	inf
0.548015	inf
0.55016	inf
0.552305	inf
0.55445	inf
0.556595	inf
0.55874	inf
0.560884	inf
0.563029	inf
0.565174	inf
0.567319	inf
0.569464	inf
0.571609	inf
0.573754	inf
0.575899	inf
0.578043	inf
0.580188	inf
0.582333	inf
0.584478	inf
0.586623	inf
0.588768	inf
0.590913	inf
0.593058	inf
0.595202	inf
0.597347	inf
0.599492	inf
0.601637	inf
0.603782	inf
0.605927	inf
0.608072	inf
0.610216	inf
0.612361	inf
0.614506	inf
0.616651	inf
0.618796	inf
0.620941	inf
0.623086	inf
0.625231	inf
0.627375	inf
0.62952	inf
0.631665	inf
0.63381	inf
0.635955	inf
0.6381	inf
0.640245	inf
0.64239	inf
0.644534	inf
0.646679	inf
0.648824	inf
0.650969	inf
0.653114	inf
0.655259	inf
0.657404	inf
0.659549	inf
0.661693	inf
0.663838	inf
0.665983	inf
0.668128	inf
0.670273	inf
0.672418	inf
0.674563	inf
0.676708	inf
0.678852	inf
0.680997	inf
0.683142	inf
0.685287	inf
0.687432	inf
0.689577	inf
0.691722	inf
0.693867	inf
0.696011	inf
0.698156	inf
0.700301	inf
0.702446	inf
0.704591	inf
0.706736	inf
0.708881	inf
0.711026	inf
0.71317	inf
0.715315	inf
0.71746	inf
0.719605	inf
0.72175	inf
0.723895	inf
0.72604	inf
0.728185	inf
0.730329	inf
0.732474	inf
0.734619	inf
0.736764	inf
0.738909	inf
0.741054	inf
0.743199	inf
0.745344	inf
0.747488	nan
0.749633	nan
0.751778	nan
0.753923	nan
0.756068	nan
0.758213	nan
0.760358	nan
0.762503	nan
0.764647	nan
0.766792	nan
0.768937	nan
0.771082	nan
0.773227	nan
0.775372	nan
0.777517	nan
0.779661	nan
0.781806	nan
0.783951	nan
0.786096	nan
0.788241	nan
0.790386	nan
0.792531	nan
0.794676	nan
0.79682	nan
0.798965	nan
0.80111	nan
0.803255	nan
0.8054	nan
0.807545	nan
0.80969	nan
0.811835	nan
0.813979	nan
0.816124	nan
0.818269	nan
0.820414	nan
0.822559	nan
0.824704	nan
0.826849	nan
0.828994	nan
0.831138	nan
0.833283	nan
0.835428	nan
0.837573	nan
0.839718	nan
0.841863	nan
0.844008	nan
0.846153	nan
0.848297	nan
0.850442	nan
0.852587	nan
0.854732	nan
0.856877	nan
0.859022	nan
0.861167	nan
0.863312	nan
0.865456	nan
0.867601	nan
0.869746	nan
0.871891	nan
0.874036	nan
0.876181	nan
0.878326	nan
0.880471	nan
0.882615	nan
0.88476	nan
0.886905	nan
0.88905	nan
0.891195	nan
0.89334	nan
0.895485	nan
0.89763	nan
0.899774	nan
0.901919	nan
0.904064	nan
0.906209	nan
0.908354	nan
0.910499	nan
0.912644	nan
0.914789	nan
0.916933	nan
0.919078	nan
0.921223	nan
0.923368	nan
0.925513	nan
0.927658	nan
0.929803	nan
0.931948	nan
0.934092	nan
0.936237	nan
0.938382	nan
0.940527	nan
0.942672	nan
0.944817	nan
0.946962	nan
0.949106	nan
0.951251	nan
0.953396	nan
0.955541	nan
0.957686	nan
0.959831	nan
0.961976	nan
0.964121	nan
0.966265	nan
0.96841	nan
0.970555	nan
0.9727	nan
0.974845	nan
0.97699	nan
0.979135	nan
0.98128	nan
0.983424	nan
0.985569	nan
0.987714	nan
0.989859	nan
0.992004	nan
0.994149	nan
0.996294	nan
0.998439	nan
1.00058	nan
1.00273	nan
1.00487	nan
1.00702	nan
1.00916	nan
1.01131	nan
1.01345	nan
1.0156	nan
1.01774	nan
1.01989	nan
1.02203	nan
1.02418	nan
1.02632	nan
1.02847	nan
1.03061	nan
1.03276	nan
1.0349	nan
1.03705	nan
1.03919	nan
1.04134	nan
1.04348	nan
1.04563	nan
1.04777	nan
1.04992	nan
1.05206	nan
1.05421	nan
1.05635	nan
1.0585	nan
1.06064	nan
1.06278	nan
1.06493	nan
1.06707	nan
1.06922	nan
1.07136	nan
1.07351	nan
1.07565	nan
1.0778	nan
1.07994	nan
1.08209	nan
1.08423	nan
1.08638	nan
1.08852	nan
1.09067	nan
1.09281	nan
1.09496	nan
1.0971	nan
1.09925	nan
1.10139	nan
1.10354	nan
1.10568	nan
1.10783	nan
1.10997	nan
1.11212	nan
1.11426	nan
1.11641	nan
1.11855	nan
1.1207	nan
1.12284	nan
1.12499	nan
1.12713	nan
1.12928	nan
1.13142	nan
1.13357	nan
1.13571	nan
1.13786	nan
1.14	nan
1.14215	nan
1.14429	nan
1.14643	nan
1.14858	nan
1.15072	nan
1.15287	nan
1.15501	nan
1.15716	nan
1.1593	nan
1.16145	nan
1.16359	nan
1.16574	nan
1.16788	nan
1.17003	nan
1.17217	nan
1.17432	nan
1.17646	nan
1.17861	nan
1.18075	nan
1.1829	nan
1.18504	nan
1.18719	nan
1.18933	nan
1.19148	nan
1.19362	nan
1.19577	nan
1.19791	nan
1.20006	nan
1.2022	nan
1.20435	nan
1.20649	nan
1.20864	nan
1.21078	nan
1.21293	nan
1.21507	nan
1.21722	nan
1.21936	nan
1.22151	nan
1.22365	nan
1.2258	nan
1.22794	nan
1.23008	nan
1.23223	nan
1.23437	nan
1.23652	nan
1.23866	nan
1.24081	nan
1.24295	nan
1.2451	nan
1.24724	nan
1.24939	nan
1.25153	nan
1.25368	nan
1.25582	nan
1.25797	nan
1.26011	nan
1.26226	nan
1.2644	nan
1.26655	nan
1.26869	nan
1.27084	nan
1.27298	nan
1.27513	nan
1.27727	nan
1.27942	nan
1.28156	nan
1.28371	nan
1.28585	nan
1.288	nan
1.29014	nan
1.29229	nan
1.29443	nan
1.29658	nan
1.29872	nan
1.30087	nan
1.30301	nan
1.30516	nan
1.3073	nan
1.30945	nan
1.31159	nan
1.31373	nan
1.31588	nan
1.31802	nan
1.32017	nan
1.32231	nan
1.32446	nan
1.3266	nan
1.32875	nan
1.33089	nan
1.33304	nan
1.33518	nan
1.33733	nan
1.33947	nan
1.34162	nan
1.34376	nan
1.34591	nan
1.34805	nan
1.3502	nan
1.35234	nan
1.35449	nan
1.35663	nan
1.35878	nan
1.36092	nan
1.36307	nan
1.36521	nan
1.36736	nan
1.3695	nan
1.37165	nan
1.37379	nan
1.37594	nan
1.37808	nan
1.38023	nan
1.38237	nan
1.38452	nan
1.38666	nan
1.38881	nan
1.39095	nan
1.3931	nan
1.39524	nan
1.39739	nan
1.39953	nan
1.40167	nan
1.40382	nan
1.40596	nan
1.40811	nan
1.41025	nan
1.4124	nan
1.41454	nan
1.41669	nan
1.41883	nan
1.42098	nan
1.42312	nan
1.42527	nan
1.42741	nan
1.42956	nan
1.4317	nan
1.43385	nan
1.43599	nan
1.43814	nan
1.44028	nan
1.44243	nan
1.44457	nan
1.44672	nan
1.44886	nan
1.45101	nan
1.45315	nan
1.4553	nan
1.45744	nan
1.45959	nan
1.46173	nan
1.46388	nan
1.46602	nan
1.46817	nan
1.47031	nan
1.47246	nan
1.4746	nan
1.47675	nan
1.47889	nan
1.48104	nan
1.48318	nan
1.48532	nan
1.48747	nan
1.48961	nan
1.49176	nan
1.4939	nan
1.49605	nan
1.49819	nan
1.50034	nan
1.50248	nan
1.50463	nan
1.50677	nan
1.50892	nan
1.51106	nan
1.51321	nan
1.51535	nan
1.5175	nan
1.51964	nan
1.52179	nan
1.52393	nan
1.52608	nan
1.52822	nan
1.53037	nan
1.53251	nan
1.53466	nan
1.5368	nan
1.53895	nan
1.54109	nan
1.54324	nan
1.54538	nan
1.54753	nan
1.54967	nan
1.55182	nan
1.55396	nan
1.55611	nan
1.55825	nan
1.5604	nan
1.56254	nan
1.56469	nan
1.56683	nan
1.56897	nan
1.57112	nan
1.57326	nan
1.57541	nan
1.57755	nan
1.5797	nan
1.58184	nan
1.58399	nan
1.58613	nan
1.58828	nan
1.59042	nan
1.59257	nan
1.59471	nan
1.59686	nan
1.599	nan
1.60115	nan
1.60329	nan
1.60544	nan
1.60758	nan
1.60973	nan
1.61187	nan
1.61402	nan
1.61616	nan
1.61831	nan
1.62045	nan
1.6226	nan
1.62474	nan
1.62689	nan
1.62903	nan
1.63118	nan
1.63332	nan
1.63547	nan
1.63761	nan
1.63976	nan
1.6419	nan
1.64405	nan
1.64619	nan
1.64834	nan
1.65048	nan
1.65262	nan
1.65477	nan
1.65691	nan
1.65906	nan
1.6612	nan
1.66335	nan
1.66549	nan
1.66764	nan
1.66978	nan
1.67193	nan
1.67407	nan
1.67622	nan
1.67836	nan
1.68051	nan
1.68265	nan
1.6848	nan
1.68694	nan
1.68909	nan
1.69123	nan
1.69338	nan
1.69552	nan
1.69767	nan
1.69981	nan
1.70196	nan
1.7041	nan
1.70625	nan
1.70839	nan
1.71054	nan
1.71268	nan
1.71483	nan
1.71697	nan
1.71912	nan
1.72126	nan
1.72341	nan
1.72555	nan
1.7277	nan
1.72984	nan
1.73199	nan
1.73413	nan
1.73628	nan
1.73842	nan
1.74056	nan
1.74271	nan
1.74485	nan
1.747	nan
1.74914	nan
1.75129	nan
1.75343	nan
1.75558	nan
1.75772	nan
1.75987	nan
1.76201	nan
1.76416	nan
1.7663	nan
1.76845	nan
1.77059	nan
1.77274	nan
1.77488	nan
1.77703	nan
1.77917	nan
1.78132	nan
1.78346	nan
1.78561	nan
1.78775	nan
1.7899	nan
1.79204	nan
1.79419	nan
1.79633	nan
1.79848	nan
1.80062	nan
1.80277	nan
1.80491	nan
1.80706	nan
1.8092	nan
1.81135	nan
1.81349	nan
1.81564	nan
1.81778	nan
1.81993	nan
1.82207	nan
1.82421	nan
1.82636	nan
1.8285	nan
1.83065	nan
1.83279	nan
1.83494	nan
1.83708	nan
1.83923	nan
1.84137	nan
1.84352	nan
1.84566	nan
1.84781	nan
1.84995	nan
1.8521	nan
1.85424	nan
1.85639	nan
1.85853	nan
1.86068	nan
1.86282	nan
1.86497	nan
1.86711	nan
1.86926	nan
1.8714	nan
1.87355	nan
1.87569	nan
1.87784	nan
1.87998	nan
1.88213	nan
1.88427	nan
1.88642	nan
1.88856	nan
1.89071	nan
1.89285	nan
1.895	nan
1.89714	nan
1.89929	nan
1.90143	nan
1.90358	nan
1.90572	nan
1.90786	nan
1.91001	nan
1.91215	nan
1.9143	nan
1.91644	nan
1.91859	nan
1.92073	nan
1.92288	nan
1.92502	nan
1.92717	nan
1.92931	nan
1.93146	nan
1.9336	nan
1.93575	nan
1.93789	nan
1.94004	nan
1.94218	nan
1.94433	nan
1.94647	nan
1.94862	nan
1.95076	nan
1.95291	nan
1.95505	nan
1.9572	nan
1.95934	nan
1.96149	nan
1.96363	nan
1.96578	nan
1.96792	nan
1.97007	nan
1.97221	nan
1.97436	nan
1.9765	nan
1.97865	nan
1.98079	nan
1.98294	nan
1.98508	nan
1.98723	nan
1.98937	nan
1.99151	nan
1.99366	nan
1.9958	nan
1.99795	nan
2.00009	nan
2.00224	nan
2.00438	nan
2.00653	nan
2.00867	nan
2.01082	nan
2.01296	nan
2.01511	nan
2.01725	nan
2.0194	nan
2.02154	nan
2.02369	nan
2.02583	nan
2.02798	nan
2.03012	nan
2.03227	nan
2.03441	nan
2.03656	nan
2.0387	nan
2.04085	nan
2.04299	nan
2.04514	nan
2.04728	nan
2.04943	nan
2.05157	nan
2.05372	nan
2.05586	nan
2.05801	nan
2.06015	nan
2.0623	nan
2.06444	nan
2.06659	nan
2.06873	nan
2.07088	nan
2.07302	nan
2.07517	nan
2.07731	nan
2.07945	nan
2.0816	nan
2.08374	nan
2.08589	nan
2.08803	nan
2.09018	nan
2.09232	nan
2.09447	nan
2.09661	nan
2.09876	nan
2.1009	nan
2.10305	nan
2.10519	nan
2.10734	nan
2.10948	nan
2.11163	nan
2.11377	nan
2.11592	nan
2.11806	nan
2.12021	nan
2.12235	nan
2.1245	nan
2.12664	nan
2.12879	nan
2.13093	nan
2.13308	nan
2.13522	nan
2.13737	nan
2.13951	nan
2.14166	nan
2.1438	nan
2.14595	nan
2.14809	nan
2.15024	nan
2.15238	nan
2.15453	nan
2.15667	nan
2.15882	nan
2.16096	nan
2.1631	nan
2.16525	nan
2.16739	nan
2.16954	nan
2.17168	nan
2.17383	nan
2.17597	nan
2.17812	nan
2.18026	nan
2.18241	nan
2.18455	nan
2.1867	nan
2.18884	nan
2.19099	nan
2.19313	nan
2.19528	nan
2.19742	nan
2.19957	nan
2.20171	nan
2.20386	nan
2.206	nan
2.20815	nan
2.21029	nan
2.21244	nan
2.21458	nan
2.21673	nan
2.21887	nan
2.22102	nan
2.22316	nan
2.22531	nan
2.22745	nan
2.2296	nan
2.23174	nan
2.23389	nan
2.23603	nan
2.23818	nan
2.24032	nan
2.24247	nan
2.24461	nan
2.24675	nan
2.2489	nan
2.25104	nan
2.25319	nan
2.25533	nan
2.25748	nan
2.25962	nan
2.26177	nan
2.26391	nan
2.26606	nan
2.2682	nan
2.27035	nan
2.27249	nan
2.27464	nan
2.27678	nan
2.27893	nan
2.28107	nan
2.28322	nan
2.28536	nan
2.28751	nan
2.28965	nan
2.2918	nan
2.29394	nan
2.29609	nan
2.29823	nan
2.30038	nan
2.30252	nan
2.30467	nan
2.30681	nan
2.30896	nan
2.3111	nan
2.31325	nan
2.31539	nan
2.31754	nan
2.31968	nan
2.32183	nan
2.32397	nan
2.32612	nan
2.32826	nan
2.3304	nan
2.33255	nan
2.33469	nan
2.33684	nan
2.33898	nan
2.34113	nan
2.34327	nan
2.34542	nan
2.34756	nan
2.34971	nan
2.35185	nan
2.354	nan
2.35614	nan
2.35829	nan
2.36043	nan
2.36258	nan
2.36472	nan
2.36687	nan
2.36901	nan
2.37116	nan
2.3733	nan
2.37545	nan
2.37759	nan
2.37974	nan
2.38188	nan
2.38403	nan
2.38617	nan
2.38832	nan
2.39046	nan
2.39261	nan
2.39475	nan
2.3969	nan
2.39904	nan
2.40119	nan
2.40333	nan
2.40548	nan
2.40762	nan
2.40977	nan
2.41191	nan
2.41406	nan
2.4162	nan
2.41834	nan
2.42049	nan
2.42263	nan
2.42478	nan
2.42692	nan
2.42907	nan
2.43121	nan
2.43336	nan
2.4355	nan
2.43765	nan
2.43979	nan
2.44194	nan
2.44408	nan
2.44623	nan
2.44837	nan
2.45052	nan
2.45266	nan
2.45481	nan
2.45695	nan
2.4591	nan
2.46124	nan
2.46339	nan
2.46553	nan
2.46768	nan
2.46982	nan
2.47197	nan
2.47411	nan
2.47626	nan
2.4784	nan
2.48055	nan
2.48269	nan
2.48484	nan
2.48698	nan
2.48913	nan
2.49127	nan
2.49342	nan
2.49556	nan
2.49771	nan
2.49985	nan
2.50199	nan
2.50414	nan
2.50628	nan
2.50843	nan
2.51057	nan
2.51272	nan
2.51486	nan
2.51701	nan
2.51915	nan
2.5213	nan
2.52344	nan
2.52559	nan
2.52773	nan
2.52988	nan
2.53202	nan
2.53417	nan
2.53631	nan
2.53846	nan
2.5406	nan
2.54275	nan
2.54489	nan
2.54704	nan
2.54918	nan
2.55133	nan
2.55347	nan
2.55562	nan
2.55776	nan
2.55991	nan
2.56205	nan
2.5642	nan
2.56634	nan
2.56849	nan
2.57063	nan
2.57278	nan
2.57492	nan
2.57707	nan
2.57921	nan
2.58136	nan
2.5835	nan
2.58564	nan
2.58779	nan
2.58993	nan
2.59208	nan
2.59422	nan
2.59637	nan
2.59851	nan
2.60066	nan
2.6028	nan
2.60495	nan
2.60709	nan
2.60924	nan
2.61138	nan
2.61353	nan
2.61567	nan
2.61782	nan
2.61996	nan
2.62211	nan
2.62425	nan
2.6264	nan
2.62854	nan
2.63069	nan
2.63283	nan
2.63498	nan
2.63712	nan
2.63927	nan
2.64141	nan
2.64356	nan
2.6457	nan
2.64785	nan
2.64999	nan
2.65214	nan
2.65428	nan
2.65643	nan
2.65857	nan
2.66072	nan
2.66286	nan
2.66501	nan
2.66715	nan
2.66929	nan
2.67144	nan
2.67358	nan
2.67573	nan
2.67787	nan
2.68002	nan
2.68216	nan
2.68431	nan
2.68645	nan
2.6886	nan
2.69074	nan
2.69289	nan
2.69503	nan
2.69718	nan
2.69932	nan
2.70147	nan
2.70361	nan
2.70576	nan
2.7079	nan
2.71005	nan
2.71219	nan
2.71434	nan
2.71648	nan
2.71863	nan
2.72077	nan
2.72292	nan
2.72506	nan
2.72721	nan
2.72935	nan
2.7315	nan
2.73364	nan
2.73579	nan
2.73793	nan
2.74008	nan
2.74222	nan
2.74437	nan
2.74651	nan
2.74866	nan
2.7508	nan
2.75295	nan
2.75509	nan
2.75723	nan
2.75938	nan
2.76152	nan
2.76367	nan
2.76581	nan
2.76796	nan
2.7701	nan
2.77225	nan
2.77439	nan
2.77654	nan
2.77868	nan
2.78083	nan
2.78297	nan
2.78512	nan
2.78726	nan
2.78941	nan
2.79155	nan
2.7937	nan
2.79584	nan
2.79799	nan
2.80013	nan
2.80228	nan
2.80442	nan
2.80657	nan
2.80871	nan
2.81086	nan
2.813	nan
2.81515	nan
2.81729	nan
2.81944	nan
2.82158	nan
2.82373	nan
2.82587	nan
2.82802	nan
2.83016	nan
2.83231	nan
2.83445	nan
2.8366	nan
2.83874	nan
2.84088	nan
2.84303	nan
2.84517	nan
2.84732	nan
2.84946	nan
2.85161	nan
2.85375	nan
2.8559	nan
2.85804	nan
2.86019	nan
2.86233	nan
2.86448	nan
2.86662	nan
2.86877	nan
2.87091	nan
2.87306	nan
2.8752	nan
2.87735	nan
2.87949	nan
2.88164	nan
2.88378	nan
2.88593	nan
2.88807	nan
2.89022	nan
2.89236	nan
2.89451	nan
2.89665	nan
2.8988	nan
2.90094	nan
2.90309	nan
2.90523	nan
2.90738	nan
2.90952	nan
2.91167	nan
2.91381	nan
2.91596	nan
2.9181	nan
2.92025	nan
2.92239	nan
2.92453	nan
2.92668	nan
2.92882	nan
2.93097	nan
2.93311	nan
2.93526	nan
2.9374	nan
2.93955	nan
2.94169	nan
2.94384	nan
2.94598	nan
2.94813	nan
2.95027	nan
2.95242	nan
2.95456	nan
2.95671	nan
2.95885	nan
2.961	nan
2.96314	nan
2.96529	nan
2.96743	nan
2.96958	nan
2.97172	nan
2.97387	nan
2.97601	nan
2.97816	nan
2.9803	nan
2.98245	nan
2.98459	nan
2.98674	nan
2.98888	nan
2.99103	nan
2.99317	nan
2.99532	nan
2.99746	nan
2.99961	nan
3.00175	nan
3.0039	nan
3.00604	nan
3.00818	nan
3.01033	nan
3.01247	nan
3.01462	nan
3.01676	nan
3.01891	nan
3.02105	nan
3.0232	nan
3.02534	nan
3.02749	nan
3.02963	nan
3.03178	nan
3.03392	nan
3.03607	nan
3.03821	nan
3.04036	nan
3.0425	nan
3.04465	nan
3.04679	nan
3.04894	nan
3.05108	nan
3.05323	nan
3.05537	nan
3.05752	nan
3.05966	nan
3.06181	nan
3.06395	nan
3.0661	nan
3.06824	nan
3.07039	nan
3.07253	nan
3.07468	nan
3.07682	nan
3.07897	nan
3.08111	nan
3.08326	nan
3.0854	nan
3.08755	nan
3.08969	nan
3.09184	nan
3.09398	nan
3.09612	nan
3.09827	nan
3.10041	nan
3.10256	nan
3.1047	nan
3.10685	nan
3.10899	nan
3.11114	nan
3.11328	nan
3.11543	nan
3.11757	nan
3.11972	nan
3.12186	nan
3.12401	nan
3.12615	nan
3.1283	nan
3.13044	nan
3.13259	nan
3.13473	nan
3.13688	nan
3.13902	nan
3.14117	nan
3.14331	nan
3.14546	nan
3.1476	nan
3.14975	nan
3.15189	nan
3.15404	nan
3.15618	nan
3.15833	nan
3.16047	nan
3.16262	nan
3.16476	nan
3.16691	nan
3.16905	nan
3.1712	nan
3.17334	nan
3.17549	nan
3.17763	nan
3.17977	nan
3.18192	nan
3.18406	nan
3.18621	nan
3.18835	nan
3.1905	nan
3.19264	nan
3.19479	nan
3.19693	nan
3.19908	nan
3.20122	nan
3.20337	nan
3.20551	nan
3.20766	nan
3.2098	nan
3.21195	nan
3.21409	nan
3.21624	nan
3.21838	nan
3.22053	nan
3.22267	nan
3.22482	nan
3.22696	nan
3.22911	nan
3.23125	nan
3.2334	nan
3.23554	nan
3.23769	nan
3.23983	nan
3.24198	nan
3.24412	nan
3.24627	nan
3.24841	nan
3.25056	nan
3.2527	nan
3.25485	nan
3.25699	nan
3.25914	nan
3.26128	nan
3.26342	nan
3.26557	nan
3.26771	nan
3.26986	nan
3.272	nan
3.27415	nan
3.27629	nan
3.27844	nan
3.28058	nan
3.28273	nan
3.28487	nan
3.28702	nan
3.28916	nan
3.29131	nan
3.29345	nan
3.2956	nan
3.29774	nan
3.29989	nan
3.30203	nan
3.30418	nan
3.30632	nan
3.30847	nan
3.31061	nan
3.31276	nan
3.3149	nan
3.31705	nan
3.31919	nan
3.32134	nan
3.32348	nan
3.32563	nan
3.32777	nan
3.32992	nan
3.33206	nan
3.33421	nan
3.33635	nan
3.3385	nan
3.34064	nan
3.34279	nan
3.34493	nan
3.34707	nan
3.34922	nan
3.35136	nan
3.35351	nan
3.35565	nan
3.3578	nan
3.35994	nan
3.36209	nan
3.36423	nan
3.36638	nan
3.36852	nan
3.37067	nan
3.37281	nan
3.37496	nan
3.3771	nan
3.37925	nan
3.38139	nan
3.38354	nan
3.38568	nan
3.38783	nan
3.38997	nan
3.39212	nan
3.39426	nan
3.39641	nan
3.39855	nan
3.4007	nan
3.40284	nan
3.40499	nan
3.40713	nan
3.40928	nan
3.41142	nan
3.41357	nan
3.41571	nan
3.41786	nan
3.42	nan
3.42215	nan
3.42429	nan
3.42644	nan
3.42858	nan
3.43073	nan
3.43287	nan
3.43501	nan
3.43716	nan
3.4393	nan
3.44145	nan
3.44359	nan
3.44574	nan
3.44788	nan
3.45003	nan
3.45217	nan
3.45432	nan
3.45646	nan
3.45861	nan
3.46075	nan
3.4629	nan
3.46504	nan
3.46719	nan
3.46933	nan
3.47148	nan
3.47362	nan
3.47577	nan
3.47791	nan
3.48006	nan
3.4822	nan
3.48435	nan
3.48649	nan
3.48864	nan
3.49078	nan
3.49293	nan
3.49507	nan
3.49722	nan
3.49936	nan
3.50151	nan
3.50365	nan
3.5058	nan
3.50794	nan
3.51009	nan
3.51223	nan
3.51438	nan
3.51652	nan
3.51866	nan
3.52081	nan
3.52295	nan
3.5251	nan
3.52724	nan
3.52939	nan
3.53153	nan
3.53368	nan
3.53582	nan
3.53797	nan
3.54011	nan
3.54226	nan
3.5444	nan
3.54655	nan
3.54869	nan
3.55084	nan
3.55298	nan
3.55513	nan
3.55727	nan
3.55942	nan
3.56156	nan
3.56371	nan
3.56585	nan
3.568	nan
3.57014	nan
3.57229	nan
3.57443	nan
3.57658	nan
3.57872	nan
3.58087	nan
3.58301	nan
3.58516	nan
3.5873	nan
3.58945	nan
3.59159	nan
3.59374	nan
3.59588	nan
3.59803	nan
3.60017	nan
3.60231	nan
3.60446	nan
3.6066	nan
3.60875	nan
3.61089	nan
3.61304	nan
3.61518	nan
3.61733	nan
3.61947	nan
3.62162	nan
3.62376	nan
3.62591	nan
3.62805	nan
3.6302	nan
3.63234	nan
3.63449	nan
3.63663	nan
3.63878	nan
3.64092	nan
3.64307	nan
3.64521	nan
3.64736	nan
3.6495	nan
3.65165	nan
3.65379	nan
3.65594	nan
3.65808	nan
3.66023	nan
3.66237	nan
3.66452	nan
3.66666	nan
3.66881	nan
3.67095	nan
3.6731	nan
3.67524	nan
3.67739	nan
3.67953	nan
3.68168	nan
3.68382	nan
3.68596	nan
3.68811	nan
3.69025	nan
3.6924	nan
3.69454	nan
3.69669	nan
3.69883	nan
3.70098	nan
3.70312	nan
3.70527	nan
3.70741	nan
3.70956	nan
3.7117	nan
3.71385	nan
3.71599	nan
3.71814	nan
3.72028	nan
3.72243	nan
3.72457	nan
3.72672	nan
3.72886	nan
3.73101	nan
3.73315	nan
3.7353	nan
3.73744	nan
3.73959	nan
3.74173	nan
3.74388	nan
3.74602	nan
3.74817	nan
3.75031	nan
3.75246	nan
3.7546	nan
3.75675	nan
3.75889	nan
3.76104	nan
3.76318	nan
3.76533	nan
3.76747	nan
3.76962	nan
3.77176	nan
3.7739	nan
3.77605	nan
3.77819	nan
3.78034	nan
3.78248	nan
3.78463	nan
3.78677	nan
3.78892	nan
3.79106	nan
3.79321	nan
3.79535	nan
3.7975	nan
3.79964	nan
3.80179	nan
3.80393	nan
3.80608	nan
3.80822	nan
3.81037	nan
3.81251	nan
3.81466	nan
3.8168	nan
3.81895	nan
3.82109	nan
3.82324	nan
3.82538	nan
3.82753	nan
3.82967	nan
3.83182	nan
3.83396	nan
3.83611	nan
3.83825	nan
3.8404	nan
3.84254	nan
3.84469	nan
3.84683	nan
3.84898	nan
3.85112	nan
3.85327	nan
3.85541	nan
3.85755	nan
3.8597	nan
3.86184	nan
3.86399	nan
3.86613	nan
3.86828	nan
3.87042	nan
3.87257	nan
3.87471	nan
3.87686	nan
3.879	nan
3.88115	nan
3.88329	nan
3.88544	nan
3.88758	nan
3.88973	nan
3.89187	nan
3.89402	nan
3.89616	nan
3.89831	nan
3.90045	nan
3.9026	nan
3.90474	nan
3.90689	nan
3.90903	nan
3.91118	nan
3.91332	nan
3.91547	nan
3.91761	nan
3.91976	nan
3.9219	nan
3.92405	nan
3.92619	nan
3.92834	nan
3.93048	nan
3.93263	nan
3.93477	nan
3.93692	nan
3.93906	nan
3.9412	nan
3.94335	nan
3.94549	nan
3.94764	nan
3.94978	nan
3.95193	nan
3.95407	nan
3.95622	nan
3.95836	nan
3.96051	nan
3.96265	nan
3.9648	nan
3.96694	nan
3.96909	nan
3.97123	nan
3.97338	nan
3.97552	nan
3.97767	nan
3.97981	nan
3.98196	nan
3.9841	nan
3.98625	nan
3.98839	nan
3.99054	nan
3.99268	nan
3.99483	nan
3.99697	nan
3.99912	nan
4.00126	nan
4.00341	nan
4.00555	nan
4.0077	nan
4.00984	nan
4.01199	nan
4.01413	nan
4.01628	nan
4.01842	nan
4.02057	nan
4.02271	nan
4.02485	nan
4.027	nan
4.02914	nan
4.03129	nan
4.03343	nan
4.03558	nan
4.03772	nan
4.03987	nan
4.04201	nan
4.04416	nan
4.0463	nan
4.04845	nan
4.05059	nan
4.05274	nan
4.05488	nan
4.05703	nan
4.05917	nan
4.06132	nan
4.06346	nan
4.06561	nan
4.06775	nan
4.0699	nan
4.07204	nan
4.07419	nan
4.07633	nan
4.07848	nan
4.08062	nan
4.08277	nan
4.08491	nan
4.08706	nan
4.0892	nan
4.09135	nan
4.09349	nan
4.09564	nan
4.09778	nan
4.09993	nan
4.10207	nan
4.10422	nan
4.10636	nan
4.10851	nan
4.11065	nan
4.11279	nan
4.11494	nan
4.11708	nan
4.11923	nan
4.12137	nan
4.12352	nan
4.12566	nan
4.12781	nan
4.12995	nan
4.1321	nan
4.13424	nan
4.13639	nan
4.13853	nan
4.14068	nan
4.14282	nan
4.14497	nan
4.14711	nan
4.14926	nan
4.1514	nan
4.15355	nan
4.15569	nan
4.15784	nan
4.15998	nan
4.16213	nan
4.16427	nan
4.16642	nan
4.16856	nan
4.17071	nan
4.17285	nan
4.175	nan
4.17714	nan
4.17929	nan
4.18143	nan
4.18358	nan
4.18572	nan
4.18787	nan
4.19001	nan
4.19216	nan
4.1943	nan
4.19644	nan
4.19859	nan
4.20073	nan
4.20288	nan
4.20502	nan
4.20717	nan
4.20931	nan
4.21146	nan
4.2136	nan
4.21575	nan
4.21789	nan
4.22004	nan
4.22218	nan
4.22433	nan
4.22647	nan
4.22862	nan
4.23076	nan
4.23291	nan
4.23505	nan
4.2372	nan
4.23934	nan
4.24149	nan
4.24363	nan
4.24578	nan
4.24792	nan
4.25007	nan
4.25221	nan
4.25436	nan
4.2565	nan
4.25865	nan
4.26079	nan
4.26294	nan
4.26508	nan
4.26723	nan
4.26937	nan
4.27152	nan
4.27366	nan
4.27581	nan
4.27795	nan
4.28009	nan
4.28224	nan
4.28438	nan
4.28653	nan
4.28867	nan
4.29082	nan
4.29296	nan
4.29511	nan
4.29725	nan
4.2994	nan
4.30154	nan
4.30369	nan
4.30583	nan
4.30798	nan
4.31012	nan
4.31227	nan
4.31441	nan
4.31656	nan
4.3187	nan
4.32085	nan
4.32299	nan
4.32514	nan
4.32728	nan
4.32943	nan
4.33157	nan
4.33372	nan
4.33586	nan
4.33801	nan
4.34015	nan
4.3423	nan
4.34444	nan
4.34659	nan
4.34873	nan
4.35088	nan
4.35302	nan
4.35517	nan
4.35731	nan
4.35946	nan
4.3616	nan
4.36374	nan
4.36589	nan
4.36803	nan
4.37018	nan
4.37232	nan
4.37447	nan
4.37661	nan
4.37876	nan
4.3809	nan
4.38305	nan
4.38519	nan
4.38734	nan
4.38948	nan
4.39163	nan
4.39377	nan
4.39592	nan
4.39806	nan
4.40021	nan
4.40235	nan
4.4045	nan
4.40664	nan
4.40879	nan
4.41093	nan
4.41308	nan
4.41522	nan
4.41737	nan
4.41951	nan
4.42166	nan
4.4238	nan
4.42595	nan
4.42809	nan
4.43024	nan
4.43238	nan
4.43453	nan
4.43667	nan
4.43882	nan
4.44096	nan
4.44311	nan
4.44525	nan
4.4474	nan
4.44954	nan
4.45168	nan
4.45383	nan
4.45597	nan
4.45812	nan
4.46026	nan
4.46241	nan
4.46455	nan
4.4667	nan
4.46884	nan
4.47099	nan
4.47313	nan
4.47528	nan
4.47742	nan
4.47957	nan
4.48171	nan
4.48386	nan
4.486	nan
4.48815	nan
4.49029	nan
4.49244	nan
4.49458	nan
4.49673	nan
4.49887	nan
4.50102	nan
4.50316	nan
4.50531	nan
4.50745	nan
4.5096	nan
4.51174	nan
4.51389	nan
4.51603	nan
4.51818	nan
4.52032	nan
4.52247	nan
4.52461	nan
4.52676	nan
4.5289	nan
4.53105	nan
4.53319	nan
4.53533	nan
4.53748	nan
4.53962	nan
4.54177	nan
4.54391	nan
4.54606	nan
4.5482	nan
4.55035	nan
4.55249	nan
4.55464	nan
4.55678	nan
4.55893	nan
4.56107	nan
4.56322	nan
4.56536	nan
4.56751	nan
4.56965	nan
4.5718	nan
4.57394	nan
4.57609	nan
4.57823	nan
4.58038	nan
4.58252	nan
4.58467	nan
4.58681	nan
4.58896	nan
4.5911	nan
4.59325	nan
4.59539	nan
4.59754	nan
4.59968	nan
4.60183	nan
4.60397	nan
4.60612	nan
4.60826	nan
4.61041	nan
4.61255	nan
4.6147	nan
4.61684	nan
4.61898	nan
4.62113	nan
4.62327	nan
4.62542	nan
4.62756	nan
4.62971	nan
4.63185	nan
4.634	nan
4.63614	nan
4.63829	nan
4.64043	nan
4.64258	nan
4.64472	nan
4.64687	nan
4.64901	nan
4.65116	nan
4.6533	nan
4.65545	nan
4.65759	nan
4.65974	nan
4.66188	nan
4.66403	nan
4.66617	nan
4.66832	nan
4.67046	nan
4.67261	nan
4.67475	nan
4.6769	nan
4.67904	nan
4.68119	nan
4.68333	nan
4.68548	nan
4.68762	nan
4.68977	nan
4.69191	nan
4.69406	nan
4.6962	nan
4.69835	nan
4.70049	nan
4.70263	nan
4.70478	nan
4.70692	nan
4.70907	nan
4.71121	nan
4.71336	nan
4.7155	nan
4.71765	nan
4.71979	nan
4.72194	nan
4.72408	nan
4.72623	nan
4.72837	nan
4.73052	nan
4.73266	nan
4.73481	nan
4.73695	nan
4.7391	nan
4.74124	nan
4.74339	nan
4.74553	nan
4.74768	nan
4.74982	nan
4.75197	nan
4.75411	nan
4.75626	nan
4.7584	nan
4.76055	nan
4.76269	nan
4.76484	nan
4.76698	nan
4.76913	nan
4.77127	nan
4.77342	nan
4.77556	nan
4.77771	nan
4.77985	nan
4.782	nan
4.78414	nan
4.78629	nan
4.78843	nan
4.79057	nan
4.79272	nan
4.79486	nan
4.79701	nan
4.79915	nan
4.8013	nan
4.80344	nan
4.80559	nan
4.80773	nan
4.80988	nan
4.81202	nan
4.81417	nan
4.81631	nan
4.81846	nan
4.8206	nan
4.82275	nan
4.82489	nan
4.82704	nan
4.82918	nan
4.83133	nan
4.83347	nan
4.83562	nan
4.83776	nan
4.83991	nan
4.84205	nan
4.8442	nan
4.84634	nan
4.84849	nan
4.85063	nan
4.85278	nan
4.85492	nan
4.85707	nan
4.85921	nan
4.86136	nan
4.8635	nan
4.86565	nan
4.86779	nan
4.86994	nan
4.87208	nan
4.87422	nan
4.87637	nan
4.87851	nan
4.88066	nan
4.8828	nan
4.88495	nan
4.88709	nan
4.88924	nan
4.89138	nan
4.89353	nan
4.89567	nan
4.89782	nan
4.89996	nan
4.90211	nan
4.90425	nan
4.9064	nan
4.90854	nan
4.91069	nan
4.91283	nan
4.91498	nan
4.91712	nan
4.91927	nan
4.92141	nan
4.92356	nan
4.9257	nan
4.92785	nan
4.92999	nan
4.93214	nan
4.93428	nan
4.93643	nan
4.93857	nan
4.94072	nan
4.94286	nan
4.94501	nan
4.94715	nan
4.9493	nan
4.95144	nan
4.95359	nan
4.95573	nan
4.95787	nan
4.96002	nan
4.96216	nan
4.96431	nan
4.96645	nan
4.9686	nan
4.97074	nan
4.97289	nan
4.97503	nan
4.97718	nan
4.97932	nan
4.98147	nan
4.98361	nan
4.98576	nan
4.9879	nan
4.99005	nan
4.99219	nan
4.99434	nan
4.99648	nan
4.99863	nan
5.00077	nan
5.00292	nan
5.00506	nan
5.00721	nan
5.00935	nan
5.0115	nan
5.01364	nan
5.01579	nan
5.01793	nan
5.02008	nan
5.02222	nan
5.02437	nan
5.02651	nan
5.02866	nan
5.0308	nan
5.03295	nan
5.03509	nan
5.03724	nan
5.03938	nan
5.04152	nan
5.04367	nan
5.04581	nan
5.04796	nan
5.0501	nan
5.05225	nan
5.05439	nan
5.05654	nan
5.05868	nan
5.06083	nan
5.06297	nan
5.06512	nan
5.06726	nan
5.06941	nan
5.07155	nan
5.0737	nan
5.07584	nan
5.07799	nan
5.08013	nan
5.08228	nan
5.08442	nan
5.08657	nan
5.08871	nan
5.09086	nan
5.093	nan
5.09515	nan
5.09729	nan
5.09944	nan
5.10158	nan
5.10373	nan
5.10587	nan
5.10802	nan
5.11016	nan
5.11231	nan
5.11445	nan
5.1166	nan
5.11874	nan
5.12089	nan
5.12303	nan
5.12518	nan
5.12732	nan
5.12946	nan
5.13161	nan
5.13375	nan
5.1359	nan
5.13804	nan
5.14019	nan
5.14233	nan
5.14448	nan
5.14662	nan
5.14877	nan
5.15091	nan
5.15306	nan
5.1552	nan
5.15735	nan
5.15949	nan
5.16164	nan
5.16378	nan
5.16593	nan
5.16807	nan
5.17022	nan
5.17236	nan
5.17451	nan
5.17665	nan
5.1788	nan
5.18094	nan
5.18309	nan
5.18523	nan
5.18738	nan
5.18952	nan
5.19167	nan
5.19381	nan
5.19596	nan
5.1981	nan
5.20025	nan
5.20239	nan
5.20454	nan
5.20668	nan
5.20883	nan
5.21097	nan
5.21311	nan
5.21526	nan
5.2174	nan
5.21955	nan
5.22169	nan
5.22384	nan
5.22598	nan
5.22813	nan
5.23027	nan
5.23242	nan
5.23456	nan
5.23671	nan
5.23885	nan
5.241	nan
5.24314	nan
5.24529	nan
5.24743	nan
5.24958	nan
5.25172	nan
5.25387	nan
5.25601	nan
5.25816	nan
5.2603	nan
5.26245	nan
5.26459	nan
5.26674	nan
5.26888	nan
5.27103	nan
5.27317	nan
5.27532	nan
5.27746	nan
5.27961	nan
5.28175	nan
5.2839	nan
5.28604	nan
5.28819	nan
5.29033	nan
5.29248	nan
5.29462	nan
5.29676	nan
5.29891	nan
5.30105	nan
5.3032	nan
5.30534	nan
5.30749	nan
5.30963	nan
5.31178	nan
5.31392	nan
5.31607	nan
5.31821	nan
5.32036	nan
5.3225	nan
5.32465	nan
5.32679	nan
5.32894	nan
5.33108	nan
5.33323	nan
5.33537	nan
5.33752	nan
5.33966	nan
5.34181	nan
5.34395	nan
5.3461	nan
5.34824	nan
5.35039	nan
5.35253	nan
5.35468	nan
5.35682	nan
5.35897	nan
5.36111	nan
